(0.32, 0.32, 1.5707963267948966)
(0.32, 0.32, 1.5707963267948966)
(0.32, 0.32, 1.5707963267948966)
(0.32, 0.32, 1.5707963267948966)
(0.32, 0.32, 1.5707963267948966)
(0.32, 0.32, 1.5707963267948966)
(0.32, 0.32, 1.5707963267948966)
(0.32, 0.32, 1.5707963267948966)
(0.32, 0.32, 1.5707963267948966)
(0.32, 0.32, 1.5707963267948966)
(0.32, 0.32, 1.5707963267948966)
(0.32, 0.32, 1.5707963267948966)
(0.32, 0.32, 1.5707963267948966)
(0.32, 0.32, 1.5707963267948966)
(0.32, 0.32, 1.5707963267948966)
(0.32, 0.32, 1.5707963267948966)
(0.32, 0.32, 1.5707963267948966)
(0.32, 0.32, 1.5707963267948966)
(0.32, 0.32, 1.5707963267948966)
(0.32, 0.32, 1.5707963267948966)
(0.32, 0.32, 1.5707963267948966)
(0.32, 0.32, 1.5707963267948966)
(0.32, 0.32, 1.5707963267948966)
(0.32, 0.32, 1.5707963267948966)
(0.32, 0.32, 1.5707963267948966)
(0.32, 0.32, 1.5707963267948966)
(0.32, 0.32, 1.5707963267948966)
(0.32, 0.32, 1.5707963267948966)
(0.32, 0.32, 1.5707963267948966)
(0.32, 0.32, 1.5707963267948966)
(0.32, 0.32, 1.5707963267948966)
(0.32, 0.32, 1.5707963267948966)
(0.32, 0.32, 1.5707963267948966)
(0.32, 0.32, 1.5707963267948966)
(0.32, 0.32, 1.5707963267948966)
(0.32, 0.32, 1.5707963267948966)
(0.32, 0.32, 1.5707963267948966)
(0.32, 0.32, 1.5707963267948966)
(0.32, 0.32, 1.5707963267948966)
(0.32, 0.32, 1.5707963267948966)
(0.32, 0.32, 1.5707963267948966)
(0.32, 0.32, 1.5707963267948966)
(0.32, 0.32, 1.5707963267948966)
(0.32, 0.32, 1.5707963267948966)
(0.32, 0.32, 1.5707963267948966)
(0.32, 0.32, 1.5707963267948966)
(0.32, 0.32, 1.5707963267948966)
(0.32, 0.32, 1.5707963267948966)
(0.32, 0.32, 1.5707963267948966)
(0.32, 0.32, 1.5707963267948966)
(0.32, 0.32, 1.5707963267948966)
(0.32, 0.32, 1.5707963267948966)
(0.32, 0.32, 1.5707963267948966)
(0.32, 0.32, 1.5707963267948966)
(0.32, 0.32, 1.5707963267948966)
(0.32, 0.32, 1.5707963267948966)
(0.32, 0.32, 1.5707963267948966)
(0.32, 0.32, 1.5707963267948966)
(0.32, 0.32, 1.5707963267948966)
(0.32, 0.32, 1.5707963267948966)
(0.32, 0.32, 1.5707963267948966)
(0.32, 0.32, 1.5707963267948966)
(0.32, 0.32, 1.5707963267948966)
(0.32, 0.32, 1.5707963267948966)
(0.32, 0.32, 1.5707963267948966)
(0.32, 0.32, 1.5707963267948966)
(0.32, 0.32, 1.5707963267948966)
(0.32, 0.32, 1.5707963267948966)
(0.32, 0.32, 1.5707963267948966)
(0.32, 0.32, 1.5707963267948966)
(0.32, 0.32, 1.5707963267948966)
(0.32, 0.32, 1.5707963267948966)
(0.32, 0.32, 1.5707963267948966)
(0.32, 0.32, 1.5707963267948966)
(0.32, 0.32, 1.5707963267948966)
(0.32, 0.32, 1.5707963267948966)
(0.32, 0.32, 1.5707963267948966)
(0.32, 0.32, 1.5707963267948966)
(0.32, 0.32, 1.5707963267948966)
(0.32, 0.32, 1.5707963267948966)
(0.32, 0.32, 1.5707963267948966)
(0.32, 0.32, 1.5707963267948966)
(0.32, 0.32, 1.5707963267948966)
(0.32, 0.32, 1.5707963267948966)
(0.32, 0.32, 1.5707963267948966)
(0.32, 0.32, 1.5707963267948966)
(0.32, 0.32, 1.5707963267948966)
(0.32, 0.32, 1.5707963267948966)
(0.32, 0.32, 1.5707963267948966)
(0.32, 0.32, 1.5707963267948966)
(0.32, 0.32, 1.5707963267948966)
(0.32, 0.32, 1.5707963267948966)
(0.32, 0.32, 1.5707963267948966)
(0.32, 0.32, 1.5707963267948966)
(0.32, 0.32, 1.5707963267948966)
(0.32, 0.32, 1.5707963267948966)
(0.32, 0.32, 1.5707963267948966)
(0.32, 0.32, 1.5707963267948966)
(0.32, 0.32, 1.5707963267948966)
(0.32, 0.32, 1.5707963267948966)
(0.32, 0.32, 1.5707963267948966)
(0.32, 0.32, 1.5707963267948966)
(0.32, 0.32, 1.5707963267948966)
(0.32, 0.32, 1.5707963267948966)
(0.32, 0.32, 1.5707963267948966)
(0.32, 0.32, 1.5707963267948966)
(0.32, 0.32, 1.5707963267948966)
(0.32, 0.32, 1.5707963267948966)
(0.32, 0.32, 1.5707963267948966)
(0.32, 0.32, 1.5707963267948966)
(0.32, 0.32, 1.5707963267948966)
(0.32, 0.32, 1.5707963267948966)
(0.32, 0.32, 1.5707963267948966)
(0.32, 0.32, 1.5707963267948966)
(0.32, 0.32, 1.5707963267948966)
(0.32, 0.32, 1.5707963267948966)
(0.32, 0.32, 1.5707963267948966)
(0.32, 0.32, 1.5707963267948966)
(0.32, 0.32, 1.5707963267948966)
(0.32, 0.32, 1.5707963267948966)
(0.32, 0.32, 1.5707963267948966)
(0.32, 0.32, 1.5707963267948966)
(0.32, 0.32, 1.5707963267948966)
(0.32, 0.32, 1.5707963267948966)
(0.32, 0.32, 1.5707963267948966)
(0.32, 0.32, 1.5707963267948966)
(0.32, 0.32, 1.5707963267948966)
(0.32, 0.32, 1.5707963267948966)
(0.32, 0.32, 1.5707963267948966)
(0.32, 0.32, 1.5707963267948966)
(0.32, 0.32, 1.5707963267948966)
(0.32, 0.32, 1.5707963267948966)
(0.32, 0.32, 1.5707963267948966)
(0.32, 0.32, 1.5707963267948966)
(0.32, 0.32, 1.5707963267948966)
(0.32, 0.32, 1.5707963267948966)
(0.32, 0.32, 1.5707963267948966)
(0.32, 0.32, 1.5707963267948966)
(0.32, 0.32, 1.5707963267948966)
(0.32, 0.32, 1.5707963267948966)
(0.32, 0.32, 1.5707963267948966)
(0.32, 0.32, 1.5707963267948966)
(0.32, 0.32, 1.5707963267948966)
(0.32, 0.32, 1.5707963267948966)
(0.32, 0.32, 1.5707963267948966)
(0.32, 0.32, 1.5707963267948966)
(0.32, 0.32, 1.5707963267948966)
(0.32, 0.32, 1.5707963267948966)
(0.32, 0.32, 1.5707963267948966)
(0.32, 0.32, 1.5707963267948966)
(0.32, 0.32, 1.5707963267948966)
(0.32, 0.32, 1.5707963267948966)
(0.32, 0.32, 1.5707963267948966)
(0.32, 0.32, 1.5707963267948966)
(0.31996715305449136, 0.31926070973848797, 1.5263951506241609)
(0.31996715305449136, 0.31926070973848797, 1.4375927982826893)
(0.32014076108426454, 0.3199800770053232, 1.333990053884306)
(0.32038783340285504, 0.32067763293998514, 1.2303873094859226)
(0.32038783340285504, 0.32067763293998514, 1.0823833889168033)
(0.31950822006723273, 0.31948734035823123, 0.9343794683476842)
(0.3184626976856546, 0.31843977222202136, 0.786375547778565)
(0.3178750036188055, 0.31799005598216995, 0.6531720192663577)
(0.31657983147087576, 0.31727378427561576, 0.5051680986972386)
(0.3144886165718855, 0.3165284780569359, 0.3423637860712075)
(0.31304554065536194, 0.3161997715776374, 0.22396064961591217)
(0.31230856667821805, 0.31613270169163454, 0.09075712110370493)
(0.3100942673158877, 0.31629251235255906, -0.07204719152232614)
(0.3093697807871244, 0.3164433376894103, -0.20525072003453337)
(0.3093697807871244, 0.3164433376894103, -0.3532546406036525)
(0.3087156077516583, 0.31678929527678884, -0.48645816911585976)
(0.30811317631148516, 0.3172190689061412, -0.619661697628067)
(0.30986146086086447, 0.31585079910534775, -0.6640628737988028)
(0.31158930374130445, 0.31445680481056937, -0.6788632658557148)
(0.31630488577003163, 0.3108774832356793, -0.6492624817418909)
(0.32112433729141654, 0.3074392942008604, -0.6196616976280671)
(0.326043435779425, 0.3041452500494561, -0.5900609135142433)
(0.3323114803090013, 0.30021148352933524, -0.5604601294004194)
(0.3392696152187762, 0.2959868570249613, -0.5456597373435076)
(0.3475658567428526, 0.2911163663204355, -0.5308593452865956)
(0.35593327217124154, 0.28636919219497503, -0.5160589532296836)
(0.36437002864162127, 0.28174637450570933, -0.5012585611727717)
(0.3734557663789533, 0.27676795545573085, -0.5012585611727717)
(0.38196001584001293, 0.27227050681980974, -0.48645816911585976)
(0.39111843833653875, 0.2674271005965101, -0.48645816911585976)
(0.4010067609706741, 0.2623835301035666, -0.47165777705894785)
(0.41096864469354827, 0.25748685771040203, -0.45685738500203593)
(0.4201270671900741, 0.2526434514871024, -0.48645816911585976)
(0.43059383575753213, 0.24710813008904564, -0.48645816911585976)
(0.4403285547618164, 0.24177410967835444, -0.5012585611727717)
(0.45014115029380836, 0.23658474586767625, -0.48645816911585976)
(0.4606079188612664, 0.2310494244696195, -0.48645816911585976)
(0.47107468742872444, 0.22551410307156278, -0.48645816911585976)
(0.4815414559961825, 0.21997878167350604, -0.48645816911585976)
(0.4920082245636405, 0.2144434602754493, -0.48645816911585976)
(0.5024749931310986, 0.20890813887739257, -0.48645816911585976)
(0.5129417616985567, 0.20337281747933583, -0.48645816911585976)
(0.524716876336947, 0.197145580906522, -0.48645816911585976)
(0.5351836449044051, 0.19161025950846527, -0.48645816911585976)
(0.5456504134718632, 0.18607493811040854, -0.48645816911585976)
(0.5561171820393213, 0.1805396167123518, -0.48645816911585976)
(0.5678922966777116, 0.17431238013953798, -0.48645816911585976)
(0.5783590652451697, 0.16877705874148125, -0.48645816911585976)
(0.588093784249454, 0.16344303833079005, -0.5012585611727717)
(0.5984774845206906, 0.1577534165593861, -0.5012585611727717)
(0.6082900800526825, 0.1525640527487079, -0.48645816911585976)
(0.6193227615908714, 0.1465188296165912, -0.5012585611727717)
(0.629706461862108, 0.14082920784518727, -0.5012585611727717)
(0.6413881246672491, 0.13442838335235782, -0.5012585611727717)
(0.6517718249384857, 0.12873876158095388, -0.5012585611727717)
(0.6621555252097223, 0.12304913980954993, -0.5012585611727717)
(0.6732764668126465, 0.11716786082411465, -0.48645816911585976)
(0.6837432353801046, 0.11163253942605791, -0.48645816911585976)
(0.6949500010321247, 0.10591649286738856, -0.47165777705894785)
(0.7060709426350489, 0.10003521388195329, -0.48645816911585976)
(0.716537711202507, 0.09449989248389655, -0.48645816911585976)
(0.7283128258408973, 0.08827265591108271, -0.48645816911585976)
(0.7387795944083554, 0.08273733451302598, -0.48645816911585976)
(0.7499863600603754, 0.07702128795435663, -0.47165777705894785)
(0.7611073016632997, 0.07114000896892135, -0.48645816911585976)
(0.7715740702307577, 0.06560468757086461, -0.48645816911585976)
(0.7827808358827778, 0.059888641012195265, -0.47165777705894785)
(0.7946468230437402, 0.05383635642066301, -0.47165777705894785)
(0.8017269437908385, 0.04981951677604259, -0.5160589532296836)
(0.8107380065598727, 0.04470717541016206, -0.5160589532296836)
(0.8217706880980616, 0.038661952278045364, -0.5012585611727717)
(0.8321543883692982, 0.03297233050664142, -0.5012585611727717)
(0.8432753299722224, 0.027091051521206132, -0.48645816911585976)
(0.8543080115104114, 0.02104582838908944, -0.5012585611727717)
(0.8646917117816479, 0.015356206617685495, -0.5012585611727717)
(0.8758126533845721, 0.009474927632250212, -0.48645816911585976)
(0.8868453349227611, 0.00342970450013352, -0.5012585611727717)
(0.8979662765256853, -0.0024515744853017647, -0.48645816911585976)
(0.9097413911640756, -0.008678811058115595, -0.48645816911585976)
(0.9209481568160957, -0.014394857616784945, -0.47165777705894785)
(0.9328141439770581, -0.0204471422083172, -0.47165777705894785)
(0.9446801311380205, -0.02649942679984945, -0.47165777705894785)
(0.9558010727409447, -0.032380705785284736, -0.48645816911585976)
(0.967576187379335, -0.038607942358098564, -0.48645816911585976)
(0.9787829530313551, -0.04432398891676791, -0.47165777705894785)
(0.9912122407052115, -0.05089718307696029, -0.48645816911585976)
(1.0024190063572316, -0.05661322963562964, -0.47165777705894785)
(1.0142849935181941, -0.06266551422716189, -0.47165777705894785)
(1.0261509806791567, -0.06871779881869415, -0.47165777705894785)
(1.0387693667281306, -0.07492025051670256, -0.45685738500203593)
(1.0512945753980354, -0.08130877314109772, -0.47165777705894785)
(1.063160562558998, -0.08736105773262998, -0.47165777705894785)
(1.0757789486079719, -0.09356350943063839, -0.45685738500203593)
(1.0884877480087538, -0.09957853157006159, -0.442056992945124)
(1.1005276632305472, -0.10527697359688357, -0.442056992945124)
(1.1133240921510479, -0.11110324860151927, -0.4272566008882121)
(1.1260328915518298, -0.11711827074094247, -0.442056992945124)
(1.1394105751316004, -0.12344987299296689, -0.442056992945124)
(1.1520289611805743, -0.12965232469097532, -0.45685738500203593)
(1.1639832216480233, -0.13552833156277277, -0.45685738500203593)
(1.176508430317928, -0.14191685418716793, -0.47165777705894785)
(1.189126816366902, -0.14811930588517636, -0.45685738500203593)
(1.2024093279974009, -0.15464820240939572, -0.45685738500203593)
(1.2149345366673057, -0.16103672503379088, -0.47165777705894785)
(1.2281189668461527, -0.16776148569104893, -0.47165777705894785)
(1.2413033970249998, -0.17448624634830698, -0.47165777705894785)
(1.2539217830739737, -0.18068869804631538, -0.45685738500203593)
(1.2672042947044726, -0.18721759457053475, -0.45685738500203593)
(1.2804868063349715, -0.19374649109475411, -0.45685738500203593)
(1.2930120150048763, -0.20013501371914927, -0.47165777705894785)
(1.3048780021658388, -0.20618729831068153, -0.47165777705894785)
(1.3146905976978307, -0.21137666212135972, -0.48645816911585976)
(1.3238490201943565, -0.21622006834465937, -0.48645816911585976)
(1.33169909661995, -0.22037155939320194, -0.48645816911585976)
(1.3351313138859517, -0.22175380754525462, -0.38285542471747636)
(1.3393808484362555, -0.22304070325168207, -0.29405307237600486)
(1.3422787945513086, -0.22364400459908698, -0.20525072003453337)
(1.3430168943387522, -0.22369727481939514, -0.07204719152232614)
(1.3444926661093899, -0.22358496395005573, 0.07595672904679301)
(1.3437687747731328, -0.2237386205343196, 0.20916025755900025)
(1.341700534402068, -0.22454549281718683, 0.3719645701850313)
(1.3410426324629074, -0.22488430552510147, 0.4755673145834147)
(1.3404483470288813, -0.22532527472527314, 0.6383716272094457)
(1.3377960677161955, -0.22790522429113538, 0.771575155721653)
(1.3368989345654563, -0.2290823683605796, 0.9195790762907722)
(1.3368989345654563, -0.2290823683605796, 1.0379822127460674)
(1.3354593757702975, -0.23249094515891855, 1.1711857412582747)
(1.3341558358768637, -0.2382658079756749, 1.3487904459412177)
(1.3337181324206935, -0.2441697619465816, 1.4967943665103367)
(1.3336524385296762, -0.24564834246960562, 1.5263951506241606)
(1.3337181324206935, -0.2441697619465816, 1.5263951506241606)
(1.3337838263117108, -0.24269118142355758, 1.5263951506241606)
(1.3337838263117108, -0.24269118142355758, 1.5263951506241606)
(1.333849520202728, -0.24121260090053356, 1.5263951506241606)
(1.3339809079847627, -0.2382554398544855, 1.5263951506241606)
(1.3341342217169212, -0.23307757190360806, 1.5411955426810726)
(1.3343094374108166, -0.2271600085311767, 1.5411955426810726)
(1.334528457028186, -0.21976305431563753, 1.5411955426810726)
(1.3347474766455552, -0.21236610010009835, 1.5411955426810726)
(1.3350103001863982, -0.20348975504145134, 1.5411955426810726)
(1.3353169276507153, -0.1931340191396965, 1.5411955426810726)
(1.3357439379423277, -0.18352324574004028, 1.5263951506241606)
(1.3358972684678285, -0.17316410599686097, 1.5559959347379844)
(1.3360505989933293, -0.16280496625368165, 1.5559959347379844)
(1.3362039295188302, -0.15244582651050234, 1.5559959347379844)
(1.3363791644051168, -0.14060680966115455, 1.5559959347379844)
(1.3365324949306177, -0.13024766991797523, 1.5559959347379844)
(1.3367077298169043, -0.11840865306862744, 1.5559959347379844)
(1.3367077298169043, -0.1073083590259435, 1.5707963267948963)
(1.3367077298169043, -0.09546804538041397, 1.5707963267948963)
(1.3367077298169043, -0.08362773173488443, 1.5707963267948963)
(1.3365215427502248, -0.07104877633245239, 1.5855967188518083)
(1.3363463078639382, -0.0592097594831046, 1.5855967188518083)
(1.3359739745144104, -0.046634937316688004, 1.6003971109087203)
(1.3357877874477309, -0.034055981914255976, 1.5855967188518083)
(1.335415454098203, -0.02148115974783938, 1.6003971109087203)
(1.3352292670315236, -0.008902204345407349, 1.5855967188518083)
(1.3348569336819958, 0.0036726178210092462, 1.6003971109087203)
(1.3345065022942049, 0.015507744565871924, 1.6003971109087203)
(1.3341122669829402, 0.02882226215384244, 1.6003971109087203)
(1.3337618355951493, 0.04065738889870512, 1.6003971109087203)
(1.3335756485284698, 0.05323634430113715, 1.5855967188518083)
(1.333203315178942, 0.06581116646755375, 1.6003971109087203)
(1.332852883791151, 0.07764629321241642, 1.6003971109087203)
(1.3326666967244716, 0.09022524861484846, 1.5855967188518083)
(1.3322943633749438, 0.10280007078126505, 1.6003971109087203)
(1.3319439319871529, 0.11463519752612772, 1.6003971109087203)
(1.3315496966758882, 0.12794971511409822, 1.6003971109087203)
(1.3309912986022412, 0.1405176495598025, 1.6151975029656322)
(1.3304657474741028, 0.15234629374399478, 1.6151975029656322)
(1.330093414124575, 0.16492111591041136, 1.6003971109087203)
(1.329535016050928, 0.17748905035611565, 1.6151975029656322)
(1.3291626827014003, 0.19006387252253223, 1.6003971109087203)
(1.3287684473901356, 0.20337839011050274, 1.6003971109087203)
(1.3284180160023447, 0.2152135168553654, 1.6003971109087203)
(1.3278596179286977, 0.2277814513010697, 1.6151975029656322)
(1.3274872845791699, 0.24035627346748628, 1.6003971109087203)
(1.327136853191379, 0.252191400212349, 1.6003971109087203)
(1.326786421803588, 0.2640265269572117, 1.6003971109087203)
(1.326228023729941, 0.27659446140291594, 1.6151975029656322)
(1.3254836832479364, 0.28915275515194977, 1.6299978950225442)
(1.3249252851742894, 0.301720689597654, 1.6151975029656322)
(1.323940847998237, 0.31277724472483764, 1.659598679136368)
(1.3226398213006345, 0.325290122658083, 1.67439907119328)
(1.32126226362082, 0.3385390522344604, 1.67439907119328)
(1.3200377679054294, 0.3503158785245737, 1.67439907119328)
(1.3187908141490963, 0.36432084835233963, 1.659598679136368)
(1.3178606943047346, 0.3768667505405164, 1.644798287079456)
(1.3169852873923944, 0.3886746584823298, 1.644798287079456)
(1.3158695919262016, 0.40120542095980455, 1.659598679136368)
(1.314819525605079, 0.41299907976213374, 1.659598679136368)
(1.3138894057607173, 0.4255449819503105, 1.644798287079456)
(1.3127737102945245, 0.43807574442778524, 1.659598679136368)
(1.3118435904501629, 0.450621646615962, 1.644798287079456)
(1.3109681835378226, 0.4624295545577754, 1.644798287079456)
(1.3100927766254824, 0.4742374624995888, 1.644798287079456)
(1.3089770811592896, 0.48676822497706357, 1.659598679136368)
(1.307676054461687, 0.4992811029103089, 1.67439907119328)
(1.3065603589954942, 0.5118118653877837, 1.659598679136368)
(1.3052593322978916, 0.524324743321029, 1.67439907119328)
(1.304034836582501, 0.5361015696111422, 1.67439907119328)
(1.3028103408671103, 0.5478783959012554, 1.67439907119328)
(1.3014327831872958, 0.5611273254776329, 1.67439907119328)
(1.300317087721103, 0.5736580879551076, 1.659598679136368)
(1.2990160610235004, 0.5861709658883529, 1.67439907119328)
(1.2977915653081098, 0.5979477921784662, 1.67439907119328)
(1.296675869841917, 0.6104785546559409, 1.659598679136368)
(1.2956258035207944, 0.6222722134582701, 1.659598679136368)
(1.2945757371996718, 0.6340658722605993, 1.659598679136368)
(1.2936456173553101, 0.646611774448776, 1.644798287079456)
(1.29277021044297, 0.6584196823905895, 1.644798287079456)
(1.291654514976777, 0.6709504448680642, 1.659598679136368)
(1.2906044486556545, 0.6827441036703934, 1.659598679136368)
(1.289554382334532, 0.6945377624727226, 1.659598679136368)
(1.2885043160134093, 0.7063314212750518, 1.659598679136368)
(1.2875741961690477, 0.7188773234632285, 1.644798287079456)
(1.2866987892567074, 0.7306852314050419, 1.644798287079456)
(1.2858233823443672, 0.7424931393468553, 1.644798287079456)
(1.284947975432027, 0.7543010472886688, 1.644798287079456)
(1.2842036349500223, 0.7668593410377026, 1.629997895022544)
(1.2833829409697033, 0.7779292547331527, 1.644798287079456)
(1.282507534057363, 0.7897371626749661, 1.644798287079456)
(1.2818507630438294, 0.8008180101005842, 1.629997895022544)
(1.2811502072960603, 0.8126375806879101, 1.629997895022544)
(1.2804496515482913, 0.8244571512752361, 1.629997895022544)
(1.2797490958005222, 0.8362767218625621, 1.629997895022544)
(1.2790485400527531, 0.848096292449888, 1.629997895022544)
(1.2785558358701234, 0.8591856463725683, 1.615197502965632)
(1.278030284741985, 0.8710142905567606, 1.615197502965632)
(1.277570427504864, 0.8813643542179288, 1.615197502965632)
(1.27724189807881, 0.8924597855412376, 1.60039711090872)
(1.2770228784614408, 0.8998567397567768, 1.60039711090872)
(1.2768038588440715, 0.907253693972316, 1.60039711090872)
(1.276628643150176, 0.9131712573447474, 1.60039711090872)
(1.2765738822482116, 0.9168709501101685, 1.585596718851808)
(1.2765519778874257, 0.918350827216337, 1.585596718851808)
(1.2765519778874257, 0.9190908468191826, 1.5707963267948961)
(1.2765519778874257, 0.9190908468191826, 1.5707963267948961)
(1.2765519778874257, 0.9190908468191826, 1.5707963267948961)
(1.2765519778874257, 0.9190908468191826, 1.5707963267948961)
(1.2765519778874257, 0.9190908468191826, 1.5707963267948961)
(1.2765519778874257, 0.9190908468191826, 1.5707963267948961)
(1.2765519778874257, 0.9190908468191826, 1.5707963267948961)
(1.2765519778874257, 0.9190908468191826, 1.5707963267948961)
(1.2765519778874257, 0.9190908468191826, 1.5707963267948961)
(1.2765519778874257, 0.9190908468191826, 1.5707963267948961)
(1.2765519778874257, 0.9190908468191826, 1.5707963267948961)
(1.2765519778874257, 0.9190908468191826, 1.5707963267948961)
(1.2765519778874257, 0.9190908468191826, 1.5707963267948961)
(1.2765519778874257, 0.9190908468191826, 1.5707963267948961)
(1.2765519778874257, 0.9190908468191826, 1.5707963267948961)
(1.2765519778874257, 0.9190908468191826, 1.5707963267948961)
(1.2765519778874257, 0.9190908468191826, 1.5707963267948961)
(1.2765519778874257, 0.9190908468191826, 1.5707963267948961)
(1.2765519778874257, 0.9190908468191826, 1.5707963267948961)
(1.2765519778874257, 0.9190908468191826, 1.5707963267948961)
(1.2765519778874257, 0.9190908468191826, 1.5707963267948961)
(1.2765519778874257, 0.9190908468191826, 1.5707963267948961)
(1.2765519778874257, 0.9190908468191826, 1.5707963267948961)
(1.2765519778874257, 0.9190908468191826, 1.5707963267948961)
(1.2765519778874257, 0.9190908468191826, 1.5707963267948961)
(1.2765519778874257, 0.9190908468191826, 1.5707963267948961)
(1.2765519778874257, 0.9190908468191826, 1.5707963267948961)
(1.2765519778874257, 0.9190908468191826, 1.5707963267948961)
(1.2765519778874257, 0.9190908468191826, 1.5707963267948961)
(1.2765519778874257, 0.9190908468191826, 1.5707963267948961)
(1.2765519778874257, 0.9190908468191826, 1.5707963267948961)
(1.2765519778874257, 0.9190908468191826, 1.5707963267948961)
(1.2765519778874257, 0.9190908468191826, 1.5707963267948961)
(1.2765519778874257, 0.9190908468191826, 1.5707963267948961)
(1.2765519778874257, 0.9190908468191826, 1.5707963267948961)
(1.2765519778874257, 0.9190908468191826, 1.5707963267948961)
(1.2765519778874257, 0.9190908468191826, 1.5707963267948961)
(1.2765519778874257, 0.9190908468191826, 1.5707963267948961)
(1.2765519778874257, 0.9190908468191826, 1.5707963267948961)
(1.2765519778874257, 0.9190908468191826, 1.5707963267948961)
(1.2765519778874257, 0.9190908468191826, 1.5707963267948961)
(1.2765519778874257, 0.9190908468191826, 1.5707963267948961)
(1.2765519778874257, 0.9190908468191826, 1.5707963267948961)
(1.2765519778874257, 0.9190908468191826, 1.5707963267948961)
(1.2765519778874257, 0.9190908468191826, 1.5707963267948961)
(1.2765519778874257, 0.9190908468191826, 1.5707963267948961)
(1.2765519778874257, 0.9190908468191826, 1.5707963267948961)
(1.2765519778874257, 0.9190908468191826, 1.5707963267948961)
(1.2765519778874257, 0.9190908468191826, 1.5707963267948961)
(1.2765519778874257, 0.9190908468191826, 1.5707963267948961)
(1.2765519778874257, 0.9190908468191826, 1.5707963267948961)
(1.2765519778874257, 0.9190908468191826, 1.5707963267948961)
(1.2765519778874257, 0.9190908468191826, 1.5707963267948961)
(1.2765519778874257, 0.9190908468191826, 1.5707963267948961)
(1.2765519778874257, 0.9190908468191826, 1.5707963267948961)
(1.2765519778874257, 0.9190908468191826, 1.5707963267948961)
(1.2765519778874257, 0.9190908468191826, 1.5707963267948961)
(1.2765519778874257, 0.9190908468191826, 1.5707963267948961)
(1.2765519778874257, 0.9190908468191826, 1.5707963267948961)
(1.2765519778874257, 0.9190908468191826, 1.5707963267948961)
(1.2765519778874257, 0.9190908468191826, 1.5707963267948961)
(1.2765519778874257, 0.9190908468191826, 1.5707963267948961)
(1.2765519778874257, 0.9190908468191826, 1.5707963267948961)
(1.2765519778874257, 0.9190908468191826, 1.5707963267948961)
(1.2765519778874257, 0.9190908468191826, 1.5707963267948961)
(1.2765519778874257, 0.9190908468191826, 1.5707963267948961)
(1.2765519778874257, 0.9190908468191826, 1.5707963267948961)
(1.2765519778874257, 0.9190908468191826, 1.5707963267948961)
(1.2765519778874257, 0.9190908468191826, 1.5707963267948961)
(1.2765519778874257, 0.9190908468191826, 1.5707963267948961)
(1.2765519778874257, 0.9190908468191826, 1.5707963267948961)
(1.2765519778874257, 0.9190908468191826, 1.5707963267948961)
(1.2765519778874257, 0.9190908468191826, 1.5707963267948961)
(1.2765519778874257, 0.9190908468191826, 1.5707963267948961)
(1.2765519778874257, 0.9190908468191826, 1.5707963267948961)
(1.2765519778874257, 0.9190908468191826, 1.5707963267948961)
(1.2765519778874257, 0.9190908468191826, 1.5707963267948961)
(1.2765519778874257, 0.9190908468191826, 1.5707963267948961)
(1.2765519778874257, 0.9190908468191826, 1.5707963267948961)
(1.2765519778874257, 0.9190908468191826, 1.5707963267948961)
(1.2765519778874257, 0.9190908468191826, 1.5707963267948961)
(1.2765519778874257, 0.9190908468191826, 1.5707963267948961)
(1.2765519778874257, 0.9190908468191826, 1.5707963267948961)
(1.2765519778874257, 0.9190908468191826, 1.5707963267948961)
(1.2765519778874257, 0.9190908468191826, 1.5707963267948961)
(1.2765519778874257, 0.9190908468191826, 1.5707963267948961)
(1.2765519778874257, 0.9190908468191826, 1.5707963267948961)
(1.2765519778874257, 0.9190908468191826, 1.5707963267948961)
(1.2765519778874257, 0.9190908468191826, 1.5707963267948961)
(1.2765519778874257, 0.9190908468191826, 1.5707963267948961)
(1.2765519778874257, 0.9190908468191826, 1.5707963267948961)
(1.2765519778874257, 0.9190908468191826, 1.5707963267948961)
(1.2765519778874257, 0.9190908468191826, 1.5707963267948961)
(1.2765519778874257, 0.9190908468191826, 1.5707963267948961)
(1.2765519778874257, 0.9190908468191826, 1.5707963267948961)
(1.2765519778874257, 0.9190908468191826, 1.5707963267948961)
(1.2765519778874257, 0.9190908468191826, 1.5707963267948961)
(1.2765519778874257, 0.9190908468191826, 1.5707963267948961)
(1.2765519778874257, 0.9190908468191826, 1.5707963267948961)
(1.2765519778874257, 0.9190908468191826, 1.5707963267948961)
(1.2765519778874257, 0.9190908468191826, 1.5707963267948961)
(1.2765519778874257, 0.9190908468191826, 1.5707963267948961)
(1.2765519778874257, 0.9190908468191826, 1.5707963267948961)
(1.2765519778874257, 0.9190908468191826, 1.5707963267948961)
(1.2765519778874257, 0.9190908468191826, 1.5707963267948961)
(1.2765519778874257, 0.9190908468191826, 1.5707963267948961)
(1.2765519778874257, 0.9190908468191826, 1.5707963267948961)
(1.2765519778874257, 0.9190908468191826, 1.5707963267948961)
(1.2765519778874257, 0.9190908468191826, 1.5707963267948961)
(1.2765519778874257, 0.9190908468191826, 1.5707963267948961)
(1.2765519778874257, 0.9190908468191826, 1.5707963267948961)
(1.2765519778874257, 0.9190908468191826, 1.5707963267948961)
(1.2765519778874257, 0.9190908468191826, 1.5707963267948961)
(1.2765519778874257, 0.9190908468191826, 1.5707963267948961)
(1.2765519778874257, 0.9190908468191826, 1.5707963267948961)
(1.2765519778874257, 0.9190908468191826, 1.5707963267948961)
(1.2765519778874257, 0.9190908468191826, 1.5707963267948961)
(1.2765519778874257, 0.9190908468191826, 1.5707963267948961)
(1.2765519778874257, 0.9190908468191826, 1.5707963267948961)
(1.2765519778874257, 0.9190908468191826, 1.5707963267948961)
(1.2765519778874257, 0.9190908468191826, 1.5707963267948961)
(1.2765519778874257, 0.9190908468191826, 1.5707963267948961)
(1.2765519778874257, 0.9190908468191826, 1.5707963267948961)
(1.2765519778874257, 0.9190908468191826, 1.5707963267948961)
(1.2765519778874257, 0.9190908468191826, 1.5707963267948961)
(1.2765519778874257, 0.9190908468191826, 1.5707963267948961)
(1.2765519778874257, 0.9190908468191826, 1.5707963267948961)
(1.2765519778874257, 0.9190908468191826, 1.5707963267948961)
(1.2765519778874257, 0.9190908468191826, 1.5707963267948961)
(1.2765519778874257, 0.9190908468191826, 1.5707963267948961)
(1.2765519778874257, 0.9190908468191826, 1.5707963267948961)
(1.2765519778874257, 0.9190908468191826, 1.5707963267948961)
(1.2765519778874257, 0.9190908468191826, 1.5707963267948961)
(1.2765519778874257, 0.9190908468191826, 1.5707963267948961)
(1.2765519778874257, 0.9190908468191826, 1.5707963267948961)
(1.2765519778874257, 0.9190908468191826, 1.5707963267948961)
(1.2765519778874257, 0.9190908468191826, 1.5707963267948961)
(1.2765519778874257, 0.9190908468191826, 1.5707963267948961)
(1.2765519778874257, 0.9190908468191826, 1.5707963267948961)
(1.2765519778874257, 0.9190908468191826, 1.5707963267948961)
(1.2765519778874257, 0.9190908468191826, 1.5707963267948961)
(1.2765519778874257, 0.9190908468191826, 1.5707963267948961)
(1.2765519778874257, 0.9190908468191826, 1.5707963267948961)
(1.2765519778874257, 0.9190908468191826, 1.5707963267948961)
(1.2765519778874257, 0.9190908468191826, 1.5707963267948961)
(1.2765519778874257, 0.9190908468191826, 1.5707963267948961)
(1.2765519778874257, 0.9190908468191826, 1.5707963267948961)
(1.2765519778874257, 0.9190908468191826, 1.5707963267948961)
(1.2765519778874257, 0.9190908468191826, 1.5707963267948961)
(1.2765519778874257, 0.9190908468191826, 1.5707963267948961)
(1.2765519778874257, 0.9190908468191826, 1.5707963267948961)
(1.276519130941917, 0.9198301370806946, 1.6151975029656318)
(1.2766065469973422, 0.9190952986999267, 1.6891994632501914)
(1.2764650403292561, 0.9198216628479151, 1.763201423534751)
(1.2764650403292561, 0.9198216628479151, 1.8816045599900464)
(1.2764650403292561, 0.9198216628479151, 2.0000076964453415)
(1.2768596414866829, 0.9191956285524063, 2.133211224957549)
(1.2773338906728038, 0.9186275469367388, 2.266414753469756)
(1.277864346535341, 0.9181115570235663, 2.3700174978681394)
(1.2796472028374195, 0.9167886494230513, 2.5032210263803467)
(1.2815573113307905, 0.9156572137611978, 2.60682377077873)
(1.2815573113307905, 0.9156572137611978, 2.7252269072340254)
(1.283669668555574, 0.9149741266011172, 2.8288296516324087)
(1.2873102781130044, 0.9143133033530093, 2.962033180144616)
(1.289523935768961, 0.9141448370490002, 3.0656359245429994)
(1.288784198947396, 0.914124381061691, 3.1692386689413827)
(1.289517853818307, 0.9142212291023752, 3.272841413339766)
(1.2923632638121427, 0.9150371372886996, 3.4208453339088853)
(1.2923632638121427, 0.9150371372886996, 3.5392484703641807)
(1.2936505584934332, 0.9157674717695397, 3.657651606819476)
(1.2965977972613878, 0.9180045477538459, 3.7908551353316833)
(1.2982178470339698, 0.9195224739206005, 3.8944578797300666)
(1.296118627258053, 0.9174355286568402, 3.9240586638438906)
(1.2929697975941776, 0.9143051107611997, 3.9240586638438906)
(1.2879123116033078, 0.9099715457769851, 3.850056703559331)
(1.281216325101942, 0.90534262848483, 3.746453959160948)
(1.275007186233645, 0.9013165266761597, 3.716853175047124)
(1.268798047365348, 0.8972904248674893, 3.716853175047124)
(1.2606495894768988, 0.8921765283913322, 3.702052782990212)
(1.252426339128983, 0.8871837879770721, 3.6872523909333)
(1.2435705310619967, 0.8818069906078689, 3.6872523909333)
(1.2339979446880622, 0.8761871936411084, 3.672451998876388)
(1.2250635307390567, 0.8709420498054653, 3.672451998876388)
(1.215575164953, 0.8651811954813191, 3.6872523909333)
(1.2054542414478728, 0.8590362842022298, 3.6872523909333)
(1.1958816550739384, 0.8534164872354693, 3.672451998876388)
(1.185670896275075, 0.8474220371375913, 3.672451998876388)
(1.1749174150508774, 0.840893068903559, 3.6872523909333)
(1.1640684838270852, 0.8345239656745638, 3.672451998876388)
(1.1538577250282218, 0.8285295155766859, 3.672451998876388)
(1.1429157202372517, 0.8223216724895452, 3.657651606819476)
(1.132617362786927, 0.8164789966428246, 3.657651606819476)
(1.1217684315631347, 0.8101098934138294, 3.672451998876388)
(1.1115576727642713, 0.8041154433159515, 3.672451998876388)
(1.101346913965408, 0.7981209932180736, 3.672451998876388)
(1.0904049091744379, 0.791913150130933, 3.657651606819476)
(1.0795559779506456, 0.7855440469019378, 3.672451998876388)
(1.0693452191517823, 0.7795495968040599, 3.672451998876388)
(1.0584032143608122, 0.7733417537169193, 3.657651606819476)
(1.0473705328226233, 0.7672965305848026, 3.642851214762564)
(1.035688870017482, 0.7608957060919732, 3.642851214762564)
(1.0253051697462454, 0.7552060843205692, 3.642851214762564)
(1.0149214694750088, 0.7495164625491653, 3.642851214762564)
(1.0038005278720847, 0.74363518356373, 3.628050822705652)
(0.9925937622200647, 0.7379191370050607, 3.61325043064874)
(0.9822100619488281, 0.7322295152336568, 3.642851214762564)
(0.9716625178057504, 0.7268497067078503, 3.61325043064874)
(0.9605415762028262, 0.7209684277224151, 3.628050822705652)
(0.9485873157353772, 0.7150924208506176, 3.598450038591828)
(0.939289557594028, 0.7105221932836641, 3.598450038591828)
(0.927335297126579, 0.7046461864118666, 3.598450038591828)
(0.9159642660837741, 0.6992643244976459, 3.583649646534916)
(0.904514829681221, 0.6940513415987613, 3.568849254478004)
(0.8929894958905585, 0.6890083796066393, 3.554048862421092)
(0.8822873490267421, 0.6839430978050197, 3.583649646534916)
(0.8700840544248643, 0.6786034909898317, 3.554048862421092)
(0.8592366814454172, 0.6738571738207757, 3.554048862421092)
(0.8488797861728002, 0.6698632724516771, 3.5096476862503563)
(0.83707626673281, 0.6655110645671725, 3.4948472941934443)
(0.8245784226198791, 0.6609028444541676, 3.4948472941934443)
(0.8127117839148786, 0.6567258035775233, 3.4800469021365323)
(0.8001471076389958, 0.6523030544140176, 3.4800469021365323)
(0.7875824313631129, 0.6478803052505119, 3.4800469021365323)
(0.7756552727519069, 0.643879346352534, 3.4652465100796204)
(0.7630265165753359, 0.6396430369311457, 3.4652465100796204)
(0.7503977603987649, 0.6354067275097574, 3.4652465100796204)
(0.7384126944968988, 0.6315827269909159, 3.4504461180227084)
(0.7257226247184524, 0.6275337852650837, 3.4504461180227084)
(0.713682276825925, 0.6238875807635393, 3.4356457259657964)
(0.7009336731750136, 0.620026893644257, 3.4356457259657964)
(0.6888406807012113, 0.6165592838523782, 3.4208453339088845)
(0.6768003328086839, 0.6129130793508338, 3.4356457259657964)
(0.6639430512761909, 0.6094313970455052, 3.4060449418519725)
(0.6510857697436979, 0.6059497147401766, 3.4060449418519725)
(0.6396570750481486, 0.6028548860243289, 3.4060449418519725)
(0.62746675118639, 0.5997467050795303, 3.3912445497950605)
(0.6145593494504101, 0.5964556899615083, 3.3912445497950605)
(0.6023243601021775, 0.5935282644220956, 3.3764441577381485)
(0.5893696654981664, 0.5904286373803646, 3.3764441577381485)
(0.5778543814057121, 0.5876734133432703, 3.3764441577381485)
(0.564899686801701, 0.5845737863015392, 3.3764441577381485)
(0.5526227120121259, 0.5818277574130698, 3.3616437656812366)
(0.5396235622349286, 0.578920197413514, 3.3616437656812366)
(0.5280687624329755, 0.5763356996361311, 3.3616437656812366)
(0.5157524914439997, 0.5737716689096602, 3.3468433736243246)
(0.5027117339262607, 0.5710568128463381, 3.3468433736243246)
(0.4911199494660482, 0.5686436074567185, 3.3468433736243246)
(0.47807919194830917, 0.5659287513933964, 3.3468433736243246)
(0.4657263226096131, 0.5635472804737175, 3.3320429815674126)
(0.453339560787658, 0.5613488910163353, 3.3172425895105007)
(0.44098669144896196, 0.5589674200966565, 3.3320429815674126)
(0.4293604614831304, 0.5567260357016646, 3.3320429815674126)
(0.4169736996611753, 0.5545276462442824, 3.3172425895105007)
(0.40531557088757053, 0.5524585738138051, 3.3172425895105007)
(0.39296270154887447, 0.5500771028941263, 3.3320429815674126)
(0.3813364715830429, 0.5478357184991344, 3.3320429815674126)
(0.3689497097610878, 0.5456373290417522, 3.3172425895105007)
(0.35729158098748304, 0.543568256611275, 3.3172425895105007)
(0.34563345221387826, 0.5414991841807977, 3.3172425895105007)
(0.3332155111991927, 0.5394843577376609, 3.3024421974535887)
(0.32152803730301804, 0.5375880504970616, 3.3024421974535887)
(0.30914127548106296, 0.5353896610396794, 3.3172425895105007)
(0.2967233344663774, 0.5333748345965427, 3.3024421974535887)
(0.2843365726444223, 0.5311764451391605, 3.3172425895105007)
(0.2726784438708175, 0.5291073727086832, 3.3172425895105007)
(0.25956304900051214, 0.5267796662243963, 3.3172425895105007)
(0.2471451079858266, 0.5247648397812595, 3.3024421974535887)
(0.23545763408965195, 0.5228685325406602, 3.3024421974535887)
(0.2244755163656873, 0.5212531012883235, 3.2876418053966767)
(0.21644037806206723, 0.5199493900604114, 3.3024421974535887)
(0.20838682506449316, 0.5187647404753645, 3.2876418053966767)
(0.20330034945444184, 0.5177841348025555, 3.3320429815674126)
(0.19972888236208267, 0.5168170008288531, 3.406044941851972)
(0.19692249210062243, 0.5158755987352112, 3.46524651007962)
(0.1962489958416487, 0.5155689526823356, 3.5688492544780033)
(0.19561082341671976, 0.5151942995512182, 3.6724519988763866)
(0.19561082341671976, 0.5151942995512182, 3.790855135331682)
(0.19613562836069898, 0.5157160358671583, 3.9240586638438892)
(0.1970546274878399, 0.516876189587446, 4.042461800299185)
(0.1974330165939117, 0.5175121539708841, 4.175665328811392)
(0.19855489806769452, 0.5202513958660652, 4.323669249380511)
(0.19895012262798095, 0.5216776895235318, 4.442072385835806)
(0.1992535688107646, 0.5238769124607339, 4.575275914348014)
(0.19930894843821936, 0.5268364727825376, 4.6936790508033095)
(0.199055320888822, 0.5290419963438601, 4.826882579315517)
(0.19871373225509986, 0.5304820773331432, 4.9452857157708126)
(0.19820442326298698, 0.5318717249147034, 5.063688852226108)
(0.19753452573165176, 0.5331914799479932, 5.182091988681404)
(0.19671342019065252, 0.5344228619930642, 5.3004951251367)
(0.19479178885938808, 0.5366743941887556, 5.418898261591995)
(0.19479178885938808, 0.5366743941887556, 5.5373013980472905)
(0.1936471952411266, 0.5376127019737698, 5.596502966274938)
(0.19647364884594704, 0.5352248398892491, 5.581702574218027)
(0.19933513289160068, 0.5328790704267137, 5.596502966274938)
(0.20329216793834928, 0.5295360635083847, 5.581702574218027)
(0.20719929358887582, 0.52613485919694, 5.566902182161115)
(0.21278090166105657, 0.5212759958948763, 5.566902182161115)
(0.21884089658757216, 0.5158409639708954, 5.552101790104204)
(0.225451800143771, 0.5099118382356436, 5.552101790104204)
(0.23270789063760597, 0.5035953159429607, 5.566902182161115)
(0.23986970282348805, 0.49717209639643783, 5.552101790104204)
(0.24758242363905336, 0.490254783038644, 5.552101790104204)
(0.2552951444546187, 0.4833374696808502, 5.552101790104204)
(0.26300786527018405, 0.47642015632305634, 5.552101790104204)
(0.27182240334511587, 0.4685146553427205, 5.552101790104204)
(0.280194815453387, 0.46122636038962483, 5.566902182161115)
(0.28845844489863554, 0.45381495322056004, 5.552101790104204)
(0.29727298297356736, 0.4459094522402242, 5.552101790104204)
(0.30564539508183847, 0.4386211572871286, 5.566902182161115)
(0.313909024527087, 0.4312097501180638, 5.552101790104204)
(0.3233977582497943, 0.4229496825045554, 5.566902182161115)
(0.33166138769504283, 0.4155382753354906, 5.552101790104204)
(0.3409014959028818, 0.4070009932769195, 5.537301398047292)
(0.35026694260749686, 0.39860139848531273, 5.552101790104204)
(0.3590814806824287, 0.3906958975049769, 5.552101790104204)
(0.3678960187573605, 0.3827903965246411, 5.552101790104204)
(0.37738475248006775, 0.3745303289111327, 5.566902182161115)
(0.38631532539555696, 0.36675614762783065, 5.566902182161115)
(0.3959252676519464, 0.35863741654046033, 5.581702574218027)
(0.4061005006293, 0.3500411130361859, 5.581702574218027)
(0.41627573360665354, 0.3414448095319115, 5.581702574218027)
(0.42554257419947217, 0.3340746879147466, 5.611303358331851)
(0.43571780717682573, 0.32547838441047217, 5.581702574218027)
(0.44544685293204817, 0.31750276823785195, 5.596502966274938)
(0.45460360187813986, 0.3099963059577388, 5.596502966274938)
(0.46490494444249303, 0.30155153589261147, 5.596502966274938)
(0.4740616933885847, 0.2940450736124983, 5.596502966274938)
(0.4822647329538424, 0.2877169278841207, 5.626103750388762)
(0.4928114981091738, 0.27958074051906373, 5.626103750388762)
(0.5026575162390436, 0.27174998630082603, 5.611303358331851)
(0.5119243568318623, 0.26437986468366115, 5.611303358331851)
(0.5207133277946384, 0.2575997085461137, 5.626103750388762)
(0.5305593459245083, 0.24976895432787596, 5.611303358331851)
(0.539826186517327, 0.24239883271071105, 5.611303358331851)
(0.5490930271101456, 0.23502871109354614, 5.611303358331851)
(0.5590538608679586, 0.227344534137659, 5.626103750388762)
(0.5688998789978285, 0.21951377991942128, 5.611303358331851)
(0.5781667195906471, 0.21214365830225637, 5.611303358331851)
(0.5881275533484601, 0.20445948134636924, 5.626103750388762)
(0.59797357147833, 0.1966287271281315, 5.611303358331851)
(0.607934405236143, 0.18894455017224437, 5.626103750388762)
(0.6173093075964375, 0.18171238362552708, 5.626103750388762)
(0.6271553257263074, 0.17388162940728935, 5.611303358331851)
(0.6366362363041552, 0.16678900211979106, 5.640904142445675)
(0.6470614319710762, 0.15849761530048054, 5.611303358331851)
(0.6570222657288892, 0.1508134383445934, 5.626103750388762)
(0.6668682838587591, 0.14298268412635567, 5.611303358331851)
(0.676829117616572, 0.13529850717046854, 5.626103750388762)
(0.6866751357464419, 0.1274677529522308, 5.611303358331851)
(0.6966359695042549, 0.11978357599634369, 5.626103750388762)
(0.7064819876341247, 0.11195282177810598, 5.611303358331851)
(0.7164428213919377, 0.10426864482221886, 5.626103750388762)
(0.7269895865472691, 0.0961324574571619, 5.626103750388762)
(0.7370630540362324, 0.08859654096419496, 5.640904142445674)
(0.7470238877940454, 0.08091236400830784, 5.626103750388762)
(0.7575706529493768, 0.07277617664325088, 5.626103750388762)
(0.7681174181047081, 0.06463998927819392, 5.626103750388762)
(0.7786641832600395, 0.05650380191313697, 5.626103750388762)
(0.7892109484153709, 0.048367614548080015, 5.626103750388762)
(0.7997577135707022, 0.04023142718302306, 5.626103750388762)
(0.8103044787260336, 0.03209523981796611, 5.626103750388762)
(0.819192832392766, 0.025445901735936464, 5.640904142445674)
(0.8307763831337892, 0.01623324971448032, 5.61130335833185)
(0.841909079686639, 0.007645051940253524, 5.626103750388761)
(0.8517550978165088, -0.0001857022779841993, 5.61130335833185)
(0.8621802934834298, -0.008477089097294731, 5.61130335833185)
(0.8726054891503509, -0.016768475916605262, 5.61130335833185)
(0.8830306848172719, -0.025059862735915796, 5.61130335833185)
(0.8934558804841929, -0.03335124955522633, 5.61130335833185)
(0.902244851446969, -0.0401314056927738, 5.626103750388761)
(0.9125461940113221, -0.04857617575790112, 5.5965029662749375)
(0.9219210963716166, -0.055808342304618425, 5.626103750388761)
(0.9306087594273841, -0.06271783132071053, 5.61130335833185)
(0.939193211564345, -0.06975513970831662, 5.596502966274938)
(0.9506391477469596, -0.07913821755845808, 5.596502966274938)
(0.960249090003349, -0.08725694864582839, 5.581702574218027)
(0.9692937415387743, -0.09489810731629457, 5.581702574218027)
(0.9794689745161279, -0.10349441082056901, 5.581702574218027)
(0.9896442074934815, -0.11209071432484345, 5.581702574218027)
(0.9993732532487039, -0.1200663304974637, 5.596502966274938)
(1.008303826164193, -0.12784051178076575, 5.566902182161114)
(1.0186051687285462, -0.13628528184589306, 5.596502966274938)
(1.027761917674638, -0.14379174412600623, 5.596502966274938)
(1.0373718599310275, -0.15191047521337653, 5.581702574218027)
(1.047547092908381, -0.16050677871765098, 5.581702574218027)
(1.0565917444438064, -0.16814793738811715, 5.581702574218027)
(1.0660804781665136, -0.17640800500162557, 5.566902182161115)
(1.074777050597421, -0.18444309399792774, 5.537301398047291)
(1.081938862783303, -0.1908663135444506, 5.552101790104203)
(1.0874479490801354, -0.19580725165716048, 5.552101790104203)
(1.0940588526363342, -0.20173637739241235, 5.552101790104203)
(1.0980649303002492, -0.20502045463996185, 5.596502966274938)
(1.1017348243010197, -0.2075197590385009, 5.68530531861641)
(1.1036571415734604, -0.20863032529831518, 5.75930727890097)
(1.1043327621957197, -0.20893226202574913, 5.862910023299353)
(1.105732234023134, -0.20941392026003655, 5.951712375640825)
(1.1071788041820534, -0.20972689122627242, 6.0701155120961205)
(1.1064411434770496, -0.2096678514355469, 6.203319040608328)
(1.105702176252062, -0.209707303342853, 0.0533372619409489)
(1.1049749947602145, -0.20984454798030805, 0.18654079045315614)
(1.1028674578213573, -0.21054236540966492, 0.31974431896536337)
(1.098904271804098, -0.21254431472122287, 0.4677482395344825)
(1.096487843611686, -0.2142539752116269, 0.6157521601036017)
(1.0953890670402864, -0.215245542706317, 0.734155296558897)
(1.093441161134259, -0.21747438249032916, 0.8525584330141923)
(1.092215182425845, -0.2193252302203917, 0.9857619615263995)
(1.0908835016643263, -0.22196884338251152, 1.1041650979816948)
(1.0903784637593052, -0.2233600488902906, 1.2225682344369901)
(1.089704136923592, -0.22624229584712288, 1.3409713708922855)
(1.089539569269303, -0.2277131573421471, 1.4593745073475808)
(1.0895499018082493, -0.22919316048032684, 1.577777643802876)
(1.0896097655368873, -0.22993075477707087, 1.6517796040874357)
(1.0894900380796113, -0.22845556618358281, 1.6517796040874357)
(1.089604271585849, -0.22918671577063623, 1.7257815643719954)
(1.0905504448728103, -0.23276379298897168, 1.8293843087703787)
(1.0913370642800195, -0.23483982069147558, 1.932987053168762)
(1.0910244121302248, -0.23416909150184345, 2.0069890134533215)
(1.092165434710641, -0.23607348867269354, 2.110591757851705)
(1.0944718310160815, -0.23896680189409641, 2.243795286363912)
(1.0954933925309147, -0.24003774919522497, 2.3325976387053835)
(1.094929973212562, -0.23955797040838409, 2.436200383103767)
(1.0967600206401362, -0.24081478683340027, 2.53980312750215)
(1.1020810223455946, -0.24341001276896684, 2.6878070480712695)
(1.1034786004217763, -0.24389713859599632, 2.806210184526565)
(1.1020433281887951, -0.2435358773780162, 2.895012536868036)
(1.1042407338192124, -0.2438522151860199, 2.9986152812664195)
(1.1086807953439826, -0.24382989681458453, 3.146619201835539)
(1.1123693448799734, -0.2435377878701221, 3.220621162120098)
(1.1123693448799734, -0.2435377878701221, 3.220621162120098)
(1.1123693448799734, -0.2435377878701221, 3.220621162120098)
(1.1116325804033829, -0.2436071212576779, 3.23542155417701)
(1.1123582240880654, -0.24346196528819597, 3.3390242985753935)
(1.109518579502292, -0.24429771813923482, 3.427826650916865)
(1.1102030762605204, -0.24401648300528014, 3.5314293953152482)
(1.112789007884821, -0.24257598939683406, 3.6498325317705436)
(1.115753648245965, -0.24036202624357914, 3.783036060282751)
(1.115753648245965, -0.24036202624357914, 3.8718384126242222)
(1.115753648245965, -0.24036202624357914, 3.9606407649656936)
(1.117040949562958, -0.23855329286559632, 4.0938442934779005)
(1.1201479894436341, -0.2326622612751069, 4.227047821990108)
(1.121209944141454, -0.22989923459747416, 4.345450958445403)
(1.1206320577389661, -0.23204276169531582, 4.449053702843786)
(1.1206320577389661, -0.23204276169531582, 4.567456839299082)
(1.120627511392049, -0.2305627294723177, 4.715460759868201)
(1.120505321974021, -0.22983286732182778, 4.878265072494232)
(1.1206597870566408, -0.23055658657046432, 4.922666248664967)
(1.1210263553107243, -0.2327461730219341, 4.878265072494232)
(1.1212274244172673, -0.23421249060853563, 4.848664288380408)
(1.1212274244172673, -0.23421249060853563, 4.848664288380408)
(1.1212274244172673, -0.23421249060853563, 4.848664288380408)
(1.1213170973181832, -0.23494705699997828, 4.833863896323496)
(1.1213170973181832, -0.23494705699997828, 4.833863896323496)
(1.1213170973181832, -0.23494705699997828, 4.833863896323496)
(1.1213170973181832, -0.23494705699997828, 4.833863896323496)
(1.1213170973181832, -0.23494705699997828, 4.833863896323496)
(1.1213170973181832, -0.23494705699997828, 4.833863896323496)
(1.1213170973181832, -0.23494705699997828, 4.833863896323496)
(1.1213170973181832, -0.23494705699997828, 4.833863896323496)
(1.1213170973181832, -0.23494705699997828, 4.833863896323496)
(1.1213170973181832, -0.23494705699997828, 4.833863896323496)
(1.1213170973181832, -0.23494705699997828, 4.833863896323496)
(1.1213170973181832, -0.23494705699997828, 4.833863896323496)
(1.1213170973181832, -0.23494705699997828, 4.833863896323496)
(1.1213170973181832, -0.23494705699997828, 4.833863896323496)
(1.1213170973181832, -0.23494705699997828, 4.833863896323496)
(1.1213170973181832, -0.23494705699997828, 4.833863896323496)
(1.1213170973181832, -0.23494705699997828, 4.833863896323496)
(1.1213170973181832, -0.23494705699997828, 4.833863896323496)
(1.1213170973181832, -0.23494705699997828, 4.833863896323496)
(1.1213170973181832, -0.23494705699997828, 4.833863896323496)
(1.1213170973181832, -0.23494705699997828, 4.833863896323496)
(1.1213170973181832, -0.23494705699997828, 4.833863896323496)
(1.1213170973181832, -0.23494705699997828, 4.833863896323496)
(1.1213170973181832, -0.23494705699997828, 4.833863896323496)
(1.1213170973181832, -0.23494705699997828, 4.833863896323496)
(1.1213170973181832, -0.23494705699997828, 4.833863896323496)
(1.1213170973181832, -0.23494705699997828, 4.833863896323496)
(1.1213170973181832, -0.23494705699997828, 4.833863896323496)
(1.1213170973181832, -0.23494705699997828, 4.833863896323496)
(1.1213170973181832, -0.23494705699997828, 4.833863896323496)
(1.1213170973181832, -0.23494705699997828, 4.833863896323496)
(1.1213170973181832, -0.23494705699997828, 4.833863896323496)
(1.1213170973181832, -0.23494705699997828, 4.833863896323496)
(1.1213170973181832, -0.23494705699997828, 4.833863896323496)
(1.1213170973181832, -0.23494705699997828, 4.833863896323496)
(1.1213170973181832, -0.23494705699997828, 4.833863896323496)
(1.1213170973181832, -0.23494705699997828, 4.833863896323496)
(1.1213170973181832, -0.23494705699997828, 4.833863896323496)
(1.1213170973181832, -0.23494705699997828, 4.833863896323496)
(1.1213170973181832, -0.23494705699997828, 4.833863896323496)
(1.1213170973181832, -0.23494705699997828, 4.833863896323496)
(1.1213170973181832, -0.23494705699997828, 4.833863896323496)
(1.1213170973181832, -0.23494705699997828, 4.833863896323496)
(1.1213170973181832, -0.23494705699997828, 4.833863896323496)
(1.1213170973181832, -0.23494705699997828, 4.833863896323496)
(1.1213170973181832, -0.23494705699997828, 4.833863896323496)
(1.1213170973181832, -0.23494705699997828, 4.833863896323496)
(1.1213170973181832, -0.23494705699997828, 4.833863896323496)
(1.1213170973181832, -0.23494705699997828, 4.833863896323496)
(1.1213170973181832, -0.23494705699997828, 4.833863896323496)
(1.1213170973181832, -0.23494705699997828, 4.833863896323496)
(1.1213170973181832, -0.23494705699997828, 4.833863896323496)
(1.1213170973181832, -0.23494705699997828, 4.833863896323496)
(1.1213170973181832, -0.23494705699997828, 4.833863896323496)
(1.1213170973181832, -0.23494705699997828, 4.833863896323496)
(1.1213170973181832, -0.23494705699997828, 4.833863896323496)
(1.1213170973181832, -0.23494705699997828, 4.833863896323496)
(1.1213170973181832, -0.23494705699997828, 4.833863896323496)
(1.1213170973181832, -0.23494705699997828, 4.833863896323496)
(1.1213170973181832, -0.23494705699997828, 4.833863896323496)
(1.1213170973181832, -0.23494705699997828, 4.833863896323496)
(1.1213170973181832, -0.23494705699997828, 4.833863896323496)
(1.1213170973181832, -0.23494705699997828, 4.833863896323496)
(1.1213170973181832, -0.23494705699997828, 4.833863896323496)
(1.1213170973181832, -0.23494705699997828, 4.833863896323496)
(1.1213170973181832, -0.23494705699997828, 4.833863896323496)
(1.1213170973181832, -0.23494705699997828, 4.833863896323496)
(1.1213170973181832, -0.23494705699997828, 4.833863896323496)
(1.1213170973181832, -0.23494705699997828, 4.833863896323496)
(1.1213170973181832, -0.23494705699997828, 4.833863896323496)
(1.1213170973181832, -0.23494705699997828, 4.833863896323496)
(1.1213170973181832, -0.23494705699997828, 4.833863896323496)
(1.1213170973181832, -0.23494705699997828, 4.833863896323496)
(1.1213170973181832, -0.23494705699997828, 4.833863896323496)
(1.1213170973181832, -0.23494705699997828, 4.833863896323496)
(1.1213170973181832, -0.23494705699997828, 4.833863896323496)
(1.1213170973181832, -0.23494705699997828, 4.833863896323496)
(1.1213170973181832, -0.23494705699997828, 4.833863896323496)
(1.1213170973181832, -0.23494705699997828, 4.833863896323496)
(1.1213170973181832, -0.23494705699997828, 4.833863896323496)
(1.1213170973181832, -0.23494705699997828, 4.833863896323496)
(1.1213170973181832, -0.23494705699997828, 4.833863896323496)
(1.1213170973181832, -0.23494705699997828, 4.833863896323496)
(1.1213170973181832, -0.23494705699997828, 4.833863896323496)
(1.1213170973181832, -0.23494705699997828, 4.833863896323496)
(1.1213170973181832, -0.23494705699997828, 4.833863896323496)
(1.1213170973181832, -0.23494705699997828, 4.833863896323496)
(1.1213170973181832, -0.23494705699997828, 4.833863896323496)
(1.1213170973181832, -0.23494705699997828, 4.833863896323496)
(1.1213170973181832, -0.23494705699997828, 4.833863896323496)
(1.1213170973181832, -0.23494705699997828, 4.833863896323496)
(1.1213170973181832, -0.23494705699997828, 4.833863896323496)
(1.1213170973181832, -0.23494705699997828, 4.833863896323496)
(1.1213170973181832, -0.23494705699997828, 4.833863896323496)
(1.1213170973181832, -0.23494705699997828, 4.833863896323496)
(1.1213170973181832, -0.23494705699997828, 4.833863896323496)
(1.1213170973181832, -0.23494705699997828, 4.833863896323496)
(1.1213170973181832, -0.23494705699997828, 4.833863896323496)
(1.1213170973181832, -0.23494705699997828, 4.833863896323496)
(1.1213170973181832, -0.23494705699997828, 4.833863896323496)
(1.1213170973181832, -0.23494705699997828, 4.833863896323496)
(1.1213170973181832, -0.23494705699997828, 4.833863896323496)
(1.1213170973181832, -0.23494705699997828, 4.833863896323496)
(1.1213170973181832, -0.23494705699997828, 4.833863896323496)
(1.1213170973181832, -0.23494705699997828, 4.833863896323496)
(1.1213170973181832, -0.23494705699997828, 4.833863896323496)
(1.1213170973181832, -0.23494705699997828, 4.833863896323496)
(1.1213170973181832, -0.23494705699997828, 4.833863896323496)
(1.1213170973181832, -0.23494705699997828, 4.833863896323496)
(1.1213170973181832, -0.23494705699997828, 4.833863896323496)
(1.1213170973181832, -0.23494705699997828, 4.833863896323496)
(1.1213170973181832, -0.23494705699997828, 4.833863896323496)
(1.1213170973181832, -0.23494705699997828, 4.833863896323496)
(1.1213170973181832, -0.23494705699997828, 4.833863896323496)
(1.1213170973181832, -0.23494705699997828, 4.833863896323496)
(1.1213170973181832, -0.23494705699997828, 4.833863896323496)
(1.1213170973181832, -0.23494705699997828, 4.833863896323496)
(1.1213170973181832, -0.23494705699997828, 4.833863896323496)
(1.1213170973181832, -0.23494705699997828, 4.833863896323496)
(1.1213170973181832, -0.23494705699997828, 4.833863896323496)
(1.1213170973181832, -0.23494705699997828, 4.833863896323496)
(1.1213170973181832, -0.23494705699997828, 4.833863896323496)
(1.1213170973181832, -0.23494705699997828, 4.833863896323496)
(1.1213170973181832, -0.23494705699997828, 4.833863896323496)
(1.1213170973181832, -0.23494705699997828, 4.833863896323496)
(1.1213170973181832, -0.23494705699997828, 4.833863896323496)
(1.1213170973181832, -0.23494705699997828, 4.833863896323496)
(1.1213170973181832, -0.23494705699997828, 4.833863896323496)
(1.1213170973181832, -0.23494705699997828, 4.833863896323496)
(1.1213170973181832, -0.23494705699997828, 4.833863896323496)
(1.1213170973181832, -0.23494705699997828, 4.833863896323496)
(1.1213170973181832, -0.23494705699997828, 4.833863896323496)
(1.1213170973181832, -0.23494705699997828, 4.833863896323496)
(1.1213170973181832, -0.23494705699997828, 4.833863896323496)
(1.1213170973181832, -0.23494705699997828, 4.833863896323496)
(1.1213170973181832, -0.23494705699997828, 4.833863896323496)
(1.1213170973181832, -0.23494705699997828, 4.833863896323496)
(1.1213170973181832, -0.23494705699997828, 4.833863896323496)
(1.1213170973181832, -0.23494705699997828, 4.833863896323496)
(1.1213170973181832, -0.23494705699997828, 4.833863896323496)
(1.1213170973181832, -0.23494705699997828, 4.833863896323496)
(1.1213170973181832, -0.23494705699997828, 4.833863896323496)
(1.1213170973181832, -0.23494705699997828, 4.833863896323496)
(1.1213170973181832, -0.23494705699997828, 4.833863896323496)
(1.1213170973181832, -0.23494705699997828, 4.833863896323496)
(1.1213170973181832, -0.23494705699997828, 4.833863896323496)
(1.1213170973181832, -0.23494705699997828, 4.833863896323496)
(1.1213170973181832, -0.23494705699997828, 4.833863896323496)
(1.1213170973181832, -0.23494705699997828, 4.833863896323496)
(1.1213170973181832, -0.23494705699997828, 4.833863896323496)
(1.1213170973181832, -0.23494705699997828, 4.833863896323496)
(1.1213170973181832, -0.23494705699997828, 4.833863896323496)
(1.1216187009779977, -0.23714653337988062, 4.848664288380408)
(1.1219581662371148, -0.24083102637793968, 4.804263112209672)
(1.1223570236184872, -0.2459957852693611, 4.789462720152761)
(1.1225262418708517, -0.2511731578462826, 4.745061543982025)
(1.1226452673497727, -0.25783227062169223, 4.730261151925114)
(1.122777517881907, -0.2652312848165918, 4.730261151925114)
(1.1226907258396113, -0.27263097186409385, 4.70066036781129)
(1.122474799351265, -0.280768323169999, 4.685859975754378)
(1.1221384649192778, -0.28890158756223083, 4.671059583697467)
(1.1216817962169023, -0.2970289834686917, 4.656259191640555)
(1.1210000018325832, -0.3066250482635018, 4.641458799583644)
(1.1203029910230116, -0.3147353680140065, 4.626658407526732)
(1.119542615594388, -0.3235829895600116, 4.626658407526732)
(1.1187256495943718, -0.33168210538082216, 4.611858015469821)
(1.1177889073583582, -0.3397682431800038, 4.597057623412909)
(1.1167670067372524, -0.3485894844154747, 4.597057623412909)
(1.1157106934563858, -0.35666087294389726, 4.582257231355998)
(1.1145350405135621, -0.36471574418322295, 4.567456839299086)
(1.113004899054414, -0.37421353183318007, 4.552656447242175)
(1.111333601772511, -0.3829350766051395, 4.523055663128351)
(1.1096623044906082, -0.3916566213770989, 4.523055663128351)
(1.108012128669841, -0.3996278214300797, 4.508255271071439)
(1.105922712337225, -0.40901843602752114, 4.493454879014528)
(1.103694545141819, -0.4183770990772307, 4.478654486957616)
(1.1013829995318676, -0.42695120746859727, 4.449053702843792)
(1.0987416292272223, -0.4362017461579072, 4.434253310786881)
(1.0956922623255247, -0.44532592637464524, 4.389852134616145)
(1.0928774621085733, -0.45374824657471113, 4.389852134616145)
(1.0896933926708507, -0.46282629729854186, 4.375051742559234)
(1.086507528577391, -0.4711153773314401, 4.34545095844541)
(1.0825061000312053, -0.48067172893958726, 4.315850174331586)
(1.0786595644985606, -0.4894895216069607, 4.301049782274674)
(1.0746829482291311, -0.4982494203606217, 4.286249390217763)
(1.0707745147813428, -0.5062232980746325, 4.256648606103939)
(1.0664129957264812, -0.5147980549028325, 4.241848214047027)
(1.0619250492321712, -0.5233073227557616, 4.227047821990116)
(1.0573116583723505, -0.5317492376986644, 4.212247429933204)
(1.0525738336992443, -0.5401219505502789, 4.197447037876293)
(1.0484604931261974, -0.547146446251339, 4.182646645819381)
(1.0434769412835827, -0.5553752684125389, 4.16784625376247)
(1.0383721499106933, -0.563529433493524, 4.153045861705558)
(1.0341552983515578, -0.5704922830145394, 4.16784625376247)
(1.030321796934162, -0.5768221462154624, 4.16784625376247)
(1.0252170055612726, -0.5849763112964474, 4.153045861705558)
(1.01999209285044, -0.5930540331468742, 4.138245469648647)
(1.014950527486201, -0.6003643817358194, 4.108644685534823)
(1.0093722217792302, -0.608202226373745, 4.093844293477911)
(1.0031176308014211, -0.6164614865203366, 4.064243509364087)
(0.997756552820442, -0.6235408523602723, 4.064243509364087)
(0.9912602569234171, -0.6316113806011663, 4.034642725250263)
(0.9841727279742009, -0.6401544164332382, 4.019842333193352)
(0.9779212980625006, -0.6474666614501794, 4.00504194113644)
(0.9709588741499501, -0.6551386846338457, 3.9754411570226162)
(0.964389039852092, -0.6621662432730441, 3.9606407649657043)
(0.9577159182816505, -0.6690957996538516, 3.9458403729087923)
(0.9503117613094479, -0.6763424365289649, 3.9162395887949684)
(0.9433376372025903, -0.6829689662444969, 3.9014391967380564)
(0.9358270420105897, -0.6901052290150699, 3.9014391967380564)
(0.9287556100791122, -0.6966278169651985, 3.8866388046811444)
(0.9209356627483753, -0.703423676749896, 3.8570380205673205)
(0.9135816847835576, -0.7096259594926979, 3.8422376285104085)
(0.9054677995295803, -0.7160680206965407, 3.8126368443965846)
(0.8971668065183775, -0.7222671175256546, 3.7830360602827606)
(0.8888658135071748, -0.7284662143547685, 3.7830360602827606)
(0.8810734003361888, -0.7341078098827488, 3.7682356682258487)
(0.8725054317777489, -0.739932344306233, 3.7386348841120247)
(0.863768830990535, -0.7455007456166292, 3.7090340999982008)
(0.8550322302033212, -0.7510691469270253, 3.7090340999982008)
(0.8461346516940984, -0.756376536411601, 3.679433315884377)
(0.8370838910090462, -0.7614182640411623, 3.649832531770553)
(0.8278878779037504, -0.7661899125441427, 3.620231747656729)
(0.8179604218895261, -0.7711560121121827, 3.605431355599817)
(0.8092938711319643, -0.7753321587924714, 3.590630963542905)
(0.7998316444410847, -0.7795513474015731, 3.561030179429081)
(0.7903694177502051, -0.7837705360106747, 3.561030179429081)
(0.7807864631350069, -0.7877078278860402, 3.531429395315257)
(0.7710911766287663, -0.7913597733991435, 3.501828611201433)
(0.7606465985283979, -0.7951184056157019, 3.487028219144521)
(0.7507987700061816, -0.7983364111883806, 3.4574274350306973)
(0.7416111351899917, -0.8011888960021908, 3.4426270429737853)
(0.7309624679933413, -0.8043229691935866, 3.4278266509168733)
(0.7209414921811584, -0.8069526707432711, 3.3982258668030494)
(0.7101642091777944, -0.809610997077536, 3.3834254747461374)
(0.700036386261373, -0.8117933099429097, 3.3538246906323135)
(0.6898484113138575, -0.8136749190780824, 3.3242239065184895)
(0.6789040827517683, -0.8155291575091054, 3.3094235144615776)
(0.6693962533805234, -0.8169956102959266, 3.2946231224046656)
(0.6584018403173547, -0.8185251230387531, 3.2798227303477536)
(0.6481026330845245, -0.8196483402234442, 3.2502219462339297)
(0.6377746943837499, -0.8204662452679392, 3.2206211621201057)
(0.6274270729604845, -0.8209781215709134, 3.191020378006282)
(0.6170794515372191, -0.8214899978738877, 3.191020378006282)
(0.606721213381785, -0.8216953969587861, 3.161419593892458)
(0.596361433786274, -0.8215941388667526, 3.131818809778634)
(0.586009189393299, -0.8211863123142993, 3.10221802566481)
(0.575656945000324, -0.820778485761846, 3.10221802566481)
(0.5660508041115521, -0.8202575631632338, 3.087417633607898)
(0.5564534249010821, -0.8195945281572788, 3.072617241550986)
(0.5461434464867271, -0.8185749049110251, 3.043016457437162)
(0.5365849560299503, -0.8174865284520785, 3.02821606538025)
(0.5263303964213366, -0.8160102853480613, 2.998615281266426)
(0.51682963584665, -0.8144987127791246, 2.983814889209514)
(0.5066507082223246, -0.8125687597000283, 2.9542141050956903)
(0.4965333594753997, -0.810338391837575, 2.9246133209818663)
(0.4871703587571193, -0.808128522909751, 2.9098129289249544)
(0.47784108924274216, -0.8057803249928803, 2.8950125368680424)
(0.4671178260623765, -0.8029118489865908, 2.8802121448111304)
(0.4578621417819016, -0.8002885663809892, 2.8654117527542184)
(0.44798246051404134, -0.7971697229231898, 2.8358109686403945)
(0.43885233692622777, -0.7941381974986002, 2.8210105765834825)
(0.4291208275994863, -0.7905839025344321, 2.7914097924696586)
(0.42013426146141375, -0.78715010985363, 2.7766094004127466)
(0.4111994991887598, -0.7835836934085353, 2.7618090083558346)
(0.4024318438110973, -0.779624208302208, 2.7174078321850987)
(0.39372374849286307, -0.7755353968542161, 2.7026074401281868)
(0.3850771207214932, -0.7713181547089205, 2.687807048071275)
(0.37590386358111905, -0.7665029039464636, 2.658206263957451)
(0.36745294666040246, -0.7619060238819166, 2.643405871900539)
(0.35907098845958324, -0.7571845749678223, 2.628605479843627)
(0.3507598250265425, -0.7523395914262642, 2.613805087786715)
(0.3432237067043981, -0.7476421986974807, 2.584204303672891)
(0.3344315686618963, -0.7421619071805667, 2.584204303672891)
(0.32580547943932486, -0.736423800245958, 2.554603519559067)
(0.31787527391983617, -0.7309775957375546, 2.539803127502155)
(0.3095123813051277, -0.7248622614389555, 2.510202343388331)
(0.30250246403464476, -0.7194106894019396, 2.480601559274507)
(0.29432422721908136, -0.7130505220254211, 2.480601559274507)
(0.2863378115030532, -0.7064510939835719, 2.4510007751606833)
(0.2790133603644655, -0.7002139697546405, 2.4362003831037713)
(0.2711254899075249, -0.6934970667388681, 2.4362003831037713)
(0.26453781695388523, -0.687542140805687, 2.4065995989899474)
(0.2574974292425786, -0.6809860563032446, 2.3917992069330354)
(0.25012775750116123, -0.6737043514965032, 2.3621984228192114)
(0.24338531081103335, -0.6668422296847407, 2.3473980307622995)
(0.236745160964617, -0.6598810722274051, 2.3325976387053875)
(0.23020876247084246, -0.6528224039493753, 2.3177972466484755)
(0.22377754711215445, -0.6456677710350422, 2.3029968545915636)
(0.21803910445656838, -0.6388906880561833, 2.2733960704777396)
(0.211931797258875, -0.6314576468265327, 2.2585956784208276)
(0.20593516686472993, -0.6239350324508852, 2.2437952863639157)
(0.20005052682166763, -0.616324492739914, 2.2289948943070037)
(0.19427916614600427, -0.6086276947641264, 2.2141945022500917)
(0.18916436514003374, -0.6013683980707055, 2.184593718136268)
(0.18374032714961436, -0.593423014819586, 2.169793326079356)
(0.17843447371444934, -0.5853982268190697, 2.154992934022444)
(0.17375814408632653, -0.5778490203029563, 2.12539214990862)
(0.16908181445820372, -0.5702998137868428, 2.12539214990862)
(0.16413738327639946, -0.5620474260464925, 2.110591757851708)
(0.1593156277424062, -0.5537227652906966, 2.095791365794796)
(0.15509415442593594, -0.5459100998779122, 2.066190581680972)
(0.15087268110946567, -0.5380974344651277, 2.066190581680972)
(0.14642518104488156, -0.5295669569694533, 2.05139018962406)
(0.14231979636988085, -0.5216926700503693, 2.05139018962406)
(0.13844926117595585, -0.5137003277700127, 2.021789405510236)
(0.13501008752821494, -0.5063223066840595, 2.006989013453324)
(0.13125826173067942, -0.49827355640847415, 2.006989013453324)
(0.12774629402827628, -0.4901172912907217, 1.9773882293395002)
(0.12423432632587313, -0.4819610261729692, 1.9773882293395002)
(0.12096529370256795, -0.47370439226310285, 1.9477874452256763)
(0.11755660960466123, -0.46470827221891936, 1.9329870531687643)
(0.11478531231585037, -0.45705431756389847, 1.9181866611118523)
(0.1116443747855216, -0.4479612534731063, 1.9033862690549403)
(0.10910082149710897, -0.4402286312016455, 1.8885858769980284)
(0.10623038244304202, -0.4310465898836395, 1.8737854849411164)
(0.10383275875290301, -0.42249615255831674, 1.8441847008272925)
(0.10109852693024282, -0.4132726348200222, 1.8589850928842044)
(0.09890070521428207, -0.40543473393847634, 1.8441847008272925)
(0.09681912398296696, -0.39756516405813835, 1.8293843087703805)
(0.0948033880615747, -0.38891673145396105, 1.7997835246565566)
(0.09307316173392342, -0.3809625232985763, 1.7849831325996446)
(0.09118564210375839, -0.37228520531088394, 1.7849831325996446)
(0.08955576724998064, -0.3635558247042881, 1.7553823484858206)
(0.08819753820516586, -0.35628134086545826, 1.7553823484858206)
(0.08657199349965253, -0.3467994155578501, 1.7405819564289087)
(0.08531542493103743, -0.3387567701002625, 1.7257815643719967)
(0.08420489665298944, -0.3299462477118088, 1.6961807802581728)
(0.083306552114477, -0.3218557540547931, 1.6813803882012608)
(0.08232653989064524, -0.3130297609744124, 1.6813803882012608)
(0.08172790260426553, -0.3056538180069721, 1.6517796040874368)
(0.08100953786060988, -0.2968026864460438, 1.6517796040874368)
(0.08047118811557234, -0.2886802920899377, 1.6369792120305249)
(0.08014640290420454, -0.27980599818110946, 1.607378427916701)
(0.07996910911566911, -0.271667713507013, 1.592578035859789)
(0.07990194761251931, -0.26204769310884457, 1.577777643802877)
(0.07983995237884257, -0.253167674279766, 1.577777643802877)
(0.08004080143951245, -0.2442897106918357, 1.548176859689053)
(0.08024165050018232, -0.2354117471039054, 1.548176859689053)
(0.08070516788281194, -0.22654361711783794, 1.5185760755752291)
(0.08134944097686674, -0.21694496016444287, 1.5037756835183171)
(0.08194415460214809, -0.20808466143823204, 1.5037756835183171)
(0.08280084119125705, -0.19924584557286695, 1.4741748994044932)
(0.08387053094413574, -0.18968524585520966, 1.4593745073475812)
(0.08508159899871173, -0.18014152450052479, 1.4445741152906693)
(0.0861995079721665, -0.17133193555773876, 1.4445741152906693)
(0.08757765988246702, -0.1625592919923177, 1.4149733311768453)
(0.0892111475757864, -0.1530787318250883, 1.4001729391199333)
(0.09071898236961967, -0.14432744551687657, 1.4001729391199333)
(0.09249260204186352, -0.1348720990723029, 1.3853725470630214)
(0.0944059651858879, -0.12544403752139163, 1.3705721550061094)
(0.09645865268407586, -0.1160453260584588, 1.3557717629491974)
(0.09835344114394168, -0.10736959240036695, 1.3557717629491974)
(0.10054500336001, -0.09800228979066206, 1.3409713708922855)
(0.10287496023750091, -0.08866844791940051, 1.3261709788353735)
(0.10561691817591379, -0.07944722404224315, 1.2817698026646378)
(0.10856979595574304, -0.0695166752514583, 1.2817698026646378)
(0.11144792633056437, -0.06033704188872463, 1.2669694106077258)
(0.11446159869422456, -0.05120100981713069, 1.2521690185508139)
(0.11761015290900578, -0.04211058026263406, 1.237368626493902)
(0.12100090360184709, -0.03232088689625308, 1.237368626493902)
(0.12415433696131478, -0.024019414986935744, 1.207767842380078)
(0.12563077585122942, -0.019054140591543322, 1.2817698026646376)
(0.12689629489972767, -0.01479819110977839, 1.2817698026646376)
(0.12907606320226853, -0.008504816802819186, 1.237368626493902)
(0.132715145184015, -0.00040446741875452795, 1.1485662741524303)
(0.1375089538344134, 0.007070689866356868, 1.000562353583311)
(0.14295582125567804, 0.013120048991028827, 0.83775804095728)
(0.14931117955062267, 0.01820655382902561, 0.674953728331249)
(0.15783294691964966, 0.02267072049671052, 0.4825486315913941)
(0.1670511022483098, 0.025422976928327515, 0.2901435348515392)
(0.1766254434568927, 0.02636174929174327, 0.09773843811168431)
(0.18692370609141476, 0.02522990425854531, -0.10946705068508253)
(0.1967688352481095, 0.022003649718561395, -0.31667253948184937)
(0.20458621121688605, 0.017790905864897445, -0.49427724416479235)
(0.21250028131038326, 0.011104892028239544, -0.7014827329615592)
(0.21852627574515152, 0.0036057791339817007, -0.8938878297014141)
(0.22300709195782206, -0.004907245545704776, -1.086292926441269)
(0.2257773624816946, -0.014120003241055567, -1.278698023181124)
(0.22665581931102252, -0.02444296793477485, -1.485903511977891)
(0.22562351516109783, -0.0340076765696853, -1.678308608717746)
(0.22195836837555258, -0.04526643876918664, -1.8855140975145128)