(0.32, 0.32, 1.5707963267948966)
(0.32, 0.32, 1.5707963267948966)
(0.32, 0.32, 1.5707963267948966)
(0.32, 0.32, 1.5707963267948966)
(0.32, 0.32, 1.5707963267948966)
(0.32, 0.32, 1.5707963267948966)
(0.32, 0.32, 1.5707963267948966)
(0.32, 0.32, 1.5707963267948966)
(0.32, 0.32, 1.5707963267948966)
(0.32, 0.32, 1.5707963267948966)
(0.32, 0.32, 1.5707963267948966)
(0.32, 0.32, 1.5707963267948966)
(0.32, 0.32, 1.5707963267948966)
(0.32, 0.32, 1.5707963267948966)
(0.32, 0.32, 1.5707963267948966)
(0.32, 0.32, 1.5707963267948966)
(0.32, 0.32, 1.5707963267948966)
(0.32, 0.32, 1.5707963267948966)
(0.32, 0.32, 1.5707963267948966)
(0.32, 0.32, 1.5707963267948966)
(0.32, 0.32, 1.5707963267948966)
(0.32, 0.32, 1.5707963267948966)
(0.32, 0.32, 1.5707963267948966)
(0.32, 0.32, 1.5707963267948966)
(0.32, 0.32, 1.5707963267948966)
(0.32, 0.32, 1.5707963267948966)
(0.32, 0.32, 1.5707963267948966)
(0.32, 0.32, 1.5707963267948966)
(0.32, 0.32, 1.5707963267948966)
(0.32, 0.32, 1.5707963267948966)
(0.32, 0.32, 1.5707963267948966)
(0.32, 0.32, 1.5707963267948966)
(0.32, 0.32, 1.5707963267948966)
(0.32, 0.32, 1.5707963267948966)
(0.32, 0.32, 1.5707963267948966)
(0.32, 0.32, 1.5707963267948966)
(0.32, 0.32, 1.5707963267948966)
(0.32, 0.32, 1.5707963267948966)
(0.32, 0.32, 1.5707963267948966)
(0.32, 0.32, 1.5707963267948966)
(0.32, 0.32, 1.5707963267948966)
(0.32, 0.32, 1.5707963267948966)
(0.32, 0.32, 1.5707963267948966)
(0.32, 0.32, 1.5707963267948966)
(0.32, 0.32, 1.5707963267948966)
(0.32, 0.32, 1.5707963267948966)
(0.32, 0.32, 1.5707963267948966)
(0.32, 0.32, 1.5707963267948966)
(0.32, 0.32, 1.5707963267948966)
(0.32, 0.32, 1.5707963267948966)
(0.32, 0.32, 1.5707963267948966)
(0.32, 0.32, 1.5707963267948966)
(0.32, 0.32, 1.5707963267948966)
(0.32, 0.32, 1.5707963267948966)
(0.32, 0.32, 1.5707963267948966)
(0.32, 0.32, 1.5707963267948966)
(0.32, 0.32, 1.5707963267948966)
(0.32, 0.32, 1.5707963267948966)
(0.32, 0.32, 1.5707963267948966)
(0.32, 0.32, 1.5707963267948966)
(0.32, 0.32, 1.5707963267948966)
(0.32, 0.32, 1.5707963267948966)
(0.32, 0.32, 1.5707963267948966)
(0.32, 0.32, 1.5707963267948966)
(0.32, 0.32, 1.5707963267948966)
(0.32, 0.32, 1.5707963267948966)
(0.32, 0.32, 1.5707963267948966)
(0.32, 0.32, 1.5707963267948966)
(0.32, 0.32, 1.5707963267948966)
(0.32, 0.32, 1.5707963267948966)
(0.32, 0.32, 1.5707963267948966)
(0.32, 0.32, 1.5707963267948966)
(0.32, 0.32, 1.5707963267948966)
(0.32, 0.32, 1.5707963267948966)
(0.32, 0.32, 1.5707963267948966)
(0.32, 0.32, 1.5707963267948966)
(0.32, 0.32, 1.5707963267948966)
(0.32, 0.32, 1.5707963267948966)
(0.32, 0.32, 1.5707963267948966)
(0.32, 0.32, 1.5707963267948966)
(0.32, 0.32, 1.5707963267948966)
(0.32, 0.32, 1.5707963267948966)
(0.32, 0.32, 1.5707963267948966)
(0.32, 0.32, 1.5707963267948966)
(0.32, 0.32, 1.5707963267948966)
(0.32, 0.32, 1.5707963267948966)
(0.32, 0.32, 1.5707963267948966)
(0.32, 0.32, 1.5707963267948966)
(0.32, 0.32, 1.5707963267948966)
(0.32, 0.32, 1.5707963267948966)
(0.32, 0.32, 1.5707963267948966)
(0.32, 0.32, 1.5707963267948966)
(0.32, 0.32, 1.5707963267948966)
(0.32, 0.32, 1.5707963267948966)
(0.32, 0.32, 1.5707963267948966)
(0.32, 0.32, 1.5707963267948966)
(0.32, 0.32, 1.5707963267948966)
(0.32, 0.32, 1.5707963267948966)
(0.32, 0.32, 1.5707963267948966)
(0.32, 0.32, 1.5707963267948966)
(0.32, 0.32, 1.5707963267948966)
(0.32, 0.32, 1.5707963267948966)
(0.32, 0.32, 1.5707963267948966)
(0.32, 0.32, 1.5707963267948966)
(0.32, 0.32, 1.5707963267948966)
(0.32, 0.32, 1.5707963267948966)
(0.32, 0.32, 1.5707963267948966)
(0.32, 0.32, 1.5707963267948966)
(0.32, 0.32, 1.5707963267948966)
(0.32, 0.32, 1.5707963267948966)
(0.32, 0.32, 1.5707963267948966)
(0.32, 0.32, 1.5707963267948966)
(0.32, 0.32, 1.5707963267948966)
(0.32, 0.32, 1.5707963267948966)
(0.32, 0.32, 1.5707963267948966)
(0.32, 0.32, 1.5707963267948966)
(0.32, 0.32, 1.5707963267948966)
(0.32, 0.32, 1.5707963267948966)
(0.32, 0.32, 1.5707963267948966)
(0.32, 0.32, 1.5707963267948966)
(0.32, 0.32, 1.5707963267948966)
(0.32, 0.32, 1.5707963267948966)
(0.32, 0.32, 1.5707963267948966)
(0.32, 0.32, 1.5707963267948966)
(0.32, 0.32, 1.5707963267948966)
(0.32, 0.32, 1.5707963267948966)
(0.32, 0.32, 1.5707963267948966)
(0.32, 0.32, 1.5707963267948966)
(0.32, 0.32, 1.5707963267948966)
(0.32, 0.32, 1.5707963267948966)
(0.32, 0.32, 1.5707963267948966)
(0.32, 0.32, 1.5707963267948966)
(0.32, 0.32, 1.5707963267948966)
(0.32, 0.32, 1.5707963267948966)
(0.32, 0.32, 1.5707963267948966)
(0.32, 0.32, 1.5707963267948966)
(0.32, 0.32, 1.5707963267948966)
(0.32, 0.32, 1.5707963267948966)
(0.32, 0.32, 1.5707963267948966)
(0.32, 0.32, 1.5707963267948966)
(0.32, 0.32, 1.5707963267948966)
(0.32, 0.32, 1.5707963267948966)
(0.32, 0.32, 1.5707963267948966)
(0.32, 0.32, 1.5707963267948966)
(0.32, 0.32, 1.5707963267948966)
(0.32, 0.32, 1.5707963267948966)
(0.32, 0.32, 1.5707963267948966)
(0.32, 0.32, 1.5707963267948966)
(0.32, 0.32, 1.5707963267948966)
(0.32, 0.32, 1.5707963267948966)
(0.32, 0.32, 1.5707963267948966)
(0.32, 0.32, 1.5707963267948966)
(0.32, 0.32, 1.5707963267948966)
(0.32, 0.32, 1.5707963267948966)
(0.32, 0.32, 1.5707963267948966)
(0.31994196209209014, 0.31924001775996297, 1.4945768145997747)
(0.32005770090486946, 0.31999337420358226, 1.4183573024046527)
(0.3204258280299258, 0.32147264700989714, 1.3268938877705063)
(0.3201640364659667, 0.3207568212063904, 1.2201865706973356)
(0.3201640364659667, 0.3207568212063904, 1.0677475463070918)
(0.3201640364659667, 0.3207568212063904, 0.9153085219168479)
(0.31960511475010006, 0.32023860511299024, 0.7476255950875795)
(0.31896754305215247, 0.3198209404940644, 0.5799426682583112)
(0.31758034248151873, 0.31918892768364177, 0.4275036438680673)
(0.31611325765164433, 0.3187748893790643, 0.27506461947782335)
(0.3153554526791499, 0.3186932007777242, 0.10738169264855504)
(0.31383260955392384, 0.31876186249672844, -0.045057331741688855)
(0.3123378520799415, 0.3190609706873201, -0.19749635613193275)
(0.31161794987172636, 0.31931133485115576, -0.33469147808315225)
(0.31093905331169625, 0.31965780399077065, -0.4718866000343718)
(0.3136956233611554, 0.3183553509109078, -0.441398795156323)
(0.315073908385885, 0.31770412437097634, -0.441398795156323)
(0.315073908385885, 0.31770412437097634, -0.441398795156323)
(0.317155985990833, 0.31675891249932525, -0.4261548927172986)
(0.32204722165515015, 0.3146277291499868, -0.4109109902782742)
(0.32763720527151263, 0.3121920910364572, -0.4109109902782742)
(0.3339669742679641, 0.30954817761699993, -0.3956670878392498)
(0.3417517177338817, 0.306435031451956, -0.3804231854002254)
(0.3510068829518225, 0.3028965269582252, -0.365179282961201)
(0.35955011238376783, 0.29963021511785837, -0.365179282961201)
(0.3696287432987803, 0.29612511682415865, -0.3346914780831522)
(0.37903599758004364, 0.2930134188710811, -0.3194475756441278)
(0.3891668868060195, 0.2896623595369976, -0.3194475756441278)
(0.3993952186507372, 0.28662167822454854, -0.288959770766079)
(0.40962355049545485, 0.2835809969120995, -0.288959770766079)
(0.42053154342544374, 0.2801564522529199, -0.3042036732051034)
(0.43149047040192695, 0.27689857941815305, -0.288959770766079)
(0.4418067383034493, 0.27417110224069363, -0.2584719658880302)
(0.45281405277797127, 0.2710806582689669, -0.2737158683270546)
(0.4637729797544545, 0.2678227854342, -0.288959770766079)
(0.4754625018627032, 0.26434772107711535, -0.288959770766079)
(0.4856908337074209, 0.2613070397646663, -0.288959770766079)
(0.49738035581566964, 0.2578319754075816, -0.288959770766079)
(0.5082883487456585, 0.25440743074840205, -0.3042036732051034)
(0.5213779402616452, 0.25029797715738655, -0.3042036732051034)
(0.5323368672381283, 0.2470401043226197, -0.288959770766079)
(0.5432448601681172, 0.24361555966344012, -0.3042036732051034)
(0.5556649774081315, 0.2399233037840377, -0.288959770766079)
(0.5680273693954522, 0.23604215317030083, -0.3042036732051034)
(0.5797685048349422, 0.23274567960045897, -0.27371586832705463)
(0.5899492982362652, 0.22954943791855803, -0.30420367320510344)
(0.6030388897522518, 0.22543998432754253, -0.30420367320510344)
(0.6153406838123654, 0.22137084085044112, -0.31944757564412785)
(0.6269188429277663, 0.21754105875434568, -0.31944757564412785)
(0.639281234915087, 0.2136599081406088, -0.30420367320510344)
(0.6501357590857755, 0.21006948742551934, -0.31944757564412785)
(0.6631611880906015, 0.20576098256741196, -0.31944757564412785)
(0.6753995256302595, 0.20150479178220512, -0.33469147808315225)
(0.6861395584286212, 0.1975851602467776, -0.34993538052217665)
(0.6977177175440221, 0.19375537815068217, -0.3194475756441279)
(0.7099560550836801, 0.18949918736547533, -0.3346914780831523)
(0.7214744904151229, 0.1854933607441042, -0.3346914780831523)
(0.7336465275865995, 0.18105111167061969, -0.3499353805221767)
(0.7451025625715186, 0.17687017136616368, -0.3499353805221767)
(0.7565585975564377, 0.17268923106170767, -0.3499353805221767)
(0.7694466369144718, 0.16798567321919466, -0.3499353805221767)
(0.7815495452763943, 0.16335839811200828, -0.3651792829612011)
(0.7937215824478709, 0.15891614903852377, -0.3499353805221767)
(0.80517761743279, 0.15473520873406776, -0.3499353805221767)
(0.8172805257947126, 0.15010793362688138, -0.3651792829612011)
(0.8294525629661892, 0.14566568455339687, -0.3499353805221767)
(0.840775826189342, 0.14113747194969656, -0.38042318540022546)
(0.8528787345512645, 0.13651019684251017, -0.36517928296120106)
(0.8649097017258645, 0.1316989709510786, -0.38042318540022546)
(0.8748175570461232, 0.12773678492284082, -0.38042318540022546)
(0.886140820269276, 0.12320857231914052, -0.38042318540022546)
(0.898879491395323, 0.11811433313997768, -0.38042318540022546)
(0.9102027546184758, 0.11358612053627738, -0.38042318540022546)
(0.9221589849451064, 0.10859206185508033, -0.39566708783924986)
(0.9334119076054647, 0.10389177133160075, -0.39566708783924986)
(0.9454428747800646, 0.09908054544016918, -0.38042318540022546)
(0.9573991051066952, 0.09408648675897213, -0.39566708783924986)
(0.9700586430995982, 0.0887986599200576, -0.39566708783924986)
(0.9813115657599565, 0.08409836939657803, -0.39566708783924986)
(0.9925644884203147, 0.07939807887309845, -0.39566708783924986)
(1.0052240264132177, 0.07411025203418392, -0.39566708783924986)
(1.0178835644061208, 0.06882242519526939, -0.39566708783924986)
(1.029136487066479, 0.06412213467178982, -0.39566708783924986)
(1.041796025059382, 0.058834307832875285, -0.39566708783924986)
(1.053826992233982, 0.054023081941443715, -0.38042318540022546)
(1.0657832225606128, 0.04902902326024666, -0.39566708783924986)
(1.0784427605535158, 0.04374119642133213, -0.39566708783924986)
(1.091102298546419, 0.0384533695824176, -0.39566708783924986)
(1.103761836539322, 0.03316554274350307, -0.39566708783924986)
(1.11625430216901, 0.0274942715135966, -0.4261548927172986)
(1.1295305132578708, 0.021709630993963648, -0.4109109902782742)
(1.1413289530192428, 0.01635343038794087, -0.4261548927172986)
(1.1546051641081037, 0.010568789868307917, -0.4109109902782742)
(1.1677916556061076, 0.004582448014517754, -0.4261548927172986)
(1.1810678666949685, -0.0012021925051151983, -0.4109109902782742)
(1.1950428257358747, -0.007291287788939359, -0.4109109902782742)
(1.2082293172338787, -0.013277629642729522, -0.4261548927172986)
(1.2207217828635666, -0.018948900872635992, -0.4261548927172986)
(1.2346023002298865, -0.025250313350309847, -0.4261548927172986)
(1.2478785113187474, -0.0310349538699428, -0.4109109902782742)
(1.2610650028167514, -0.037021295723732965, -0.4261548927172986)
(1.2741587105516825, -0.043207947853081734, -0.441398795156323)
(1.2873452020496865, -0.049194289706871897, -0.4261548927172986)
(1.3012257194160064, -0.055495702184545755, -0.4261548927172986)
(1.3151062367823263, -0.06179711466221961, -0.4261548927172986)
(1.3281999445172574, -0.06798376679156838, -0.441398795156323)
(1.3419827947645533, -0.07449603219088288, -0.441398795156323)
(1.3536124780866554, -0.08020939648543815, -0.4566426975953474)
(1.368084470846316, -0.08704727515471837, -0.441398795156323)
(1.382450550244207, -0.09410496045975722, -0.4566426975953474)
(1.396132530623151, -0.10082656551217517, -0.4566426975953474)
(1.4049581859035427, -0.10533066432716852, -0.47188660003437183)
(1.4144627377439647, -0.11018123228177674, -0.47188660003437183)
(1.4232187102227216, -0.11481934000096403, -0.48713050247339623)
(1.4292308867845451, -0.1181223669017758, -0.5023744049124206)
(1.433423374496817, -0.11994909548692305, -0.41091099027827427)
(1.4370228855378928, -0.12120091630610152, -0.3346914780831523)
(1.438502406263757, -0.1215680457620747, -0.24322806344900594)
(1.438502406263757, -0.1215680457620747, -0.12127684393681082)
(1.4392645048208361, -0.12155591344060873, 0.015918278014408677)
(1.4377616673933291, -0.12181134500128414, 0.16835730240465258)
(1.437034776449908, -0.12204062858181021, 0.30555242435587204)
(1.4356674862334584, -0.12271463383379713, 0.45799144874611597)
(1.4337740931467564, -0.12399663822324569, 0.5951865706973355)
(1.4326251755486747, -0.12499851344927089, 0.7171377902095306)
(1.4316066680617452, -0.12613271277689078, 0.8390890097217257)
(1.4303259408217686, -0.12802696998543406, 0.9762841316729453)
(1.4296320870376598, -0.1293842954961288, 1.0982353511851404)
(1.4293812374463255, -0.1301040287011803, 1.23543047313636)
(1.4290583741904987, -0.1315938357134278, 1.3573816926485551)
(1.42891914256818, -0.1331118542149789, 1.4793329121607504)
(1.4289656106809798, -0.1346355360486298, 1.6012841316729456)
(1.4289307663452187, -0.1338741378110487, 1.6165280341119699)
(1.4289075295890323, -0.13234992467999818, 1.586040229233921)
(1.4289075295890323, -0.13158772955804696, 1.5707963267948968)
(1.4288726744547526, -0.12930140986147115, 1.586040229233921)
(1.4288726744547526, -0.12396604400781261, 1.5707963267948968)
(1.4287913458081003, -0.11863129804913575, 1.586040229233921)
(1.4286751620271683, -0.11101023239388308, 1.586040229233921)
(1.4285589782462362, -0.10338916673863041, 1.586040229233921)
(1.4282569355130372, -0.09348523481989959, 1.6012841316729456)
(1.4281058965978257, -0.08357784946807112, 1.5860402292339213)
(1.4281058965978257, -0.07214492263880283, 1.570796326794897)
(1.4281058965978257, -0.061474190931485755, 1.570796326794897)
(1.4281058965978257, -0.05080345922416868, 1.570796326794897)
(1.4281058965978257, -0.0401327275168516, 1.570796326794897)
(1.4281058965978257, -0.02793760556563209, 1.570796326794897)
(1.4279316209264277, -0.01650600708275309, 1.5860402292339213)
(1.4279316209264277, -0.005073080253484796, 1.570796326794897)
(1.4277573452550296, 0.0063585182293942055, 1.5860402292339213)
(1.4277573452550296, 0.017791445058662498, 1.570796326794897)
(1.4277573452550296, 0.02998656700988201, 1.570796326794897)
(1.4277573452550296, 0.04218168896110153, 1.570796326794897)
(1.4279316209264277, 0.05361328744398053, 1.5555524243558727)
(1.4279316209264277, 0.06657060451715126, 1.570796326794897)
(1.4279316209264277, 0.07876572646837077, 1.570796326794897)
(1.4279316209264277, 0.09248523866349272, 1.570796326794897)
(1.4279316209264277, 0.10468036061471223, 1.570796326794897)
(1.4279316209264277, 0.11687548256593173, 1.570796326794897)
(1.4279316209264277, 0.13059499476105368, 1.570796326794897)
(1.428129133354012, 0.14355080637498321, 1.5555524243558727)
(1.428129133354012, 0.15650812344815396, 1.570796326794897)
(1.428129133354012, 0.16870324539937348, 1.570796326794897)
(1.428129133354012, 0.18242275759449544, 1.570796326794897)
(1.4283266457815964, 0.19537856920842497, 1.5555524243558727)
(1.4285125398310876, 0.20757227425682925, 1.5555524243558727)
(1.4289075187898863, 0.22052356984286187, 1.5403085219168484)
(1.4291050312174707, 0.2334793814567914, 1.5555524243558727)
(1.4293141620231482, 0.2471972996362462, 1.5555524243558727)
(1.429709140981947, 0.26014859522227884, 1.5403085219168484)
(1.4300808858843457, 0.272338049891486, 1.5403085219168484)
(1.4304990988995443, 0.28605118639434407, 1.5403085219168484)
(1.4306966113271287, 0.29900699800827363, 1.5555524243558727)
(1.4309057421328062, 0.3127249161877284, 1.5555524243558727)
(1.4310916361822974, 0.3249186212361327, 1.5555524243558727)
(1.431300766987975, 0.33863653941558747, 1.5555524243558727)
(1.431300766987975, 0.3515938564887582, 1.570796326794897)
(1.4314982794155593, 0.36454966810268774, 1.5555524243558727)
(1.4317074102212368, 0.3782675862821425, 1.5555524243558727)
(1.431893304270728, 0.3904612913305468, 1.5555524243558727)
(1.4321024350764056, 0.4041792095100016, 1.5555524243558727)
(1.4321024350764056, 0.4171365265831723, 1.570796326794897)
(1.43229994750399, 0.43009233819710185, 1.5555524243558727)
(1.43229994750399, 0.44304965527027257, 1.570796326794897)
(1.43229994750399, 0.45676916746539453, 1.570796326794897)
(1.43229994750399, 0.4704886796605165, 1.570796326794897)
(1.4321024350764056, 0.48344449127444605, 1.5860402292339213)
(1.4321024350764056, 0.49640180834761677, 1.570796326794897)
(1.4321024350764056, 0.5101213205427387, 1.570796326794897)
(1.4322767107478036, 0.5215529190256177, 1.5555524243558727)
(1.4326716897066023, 0.5345042146116503, 1.5403085219168484)
(1.4328692021341867, 0.5474600262255799, 1.5555524243558727)
(1.4330783329398642, 0.5611779444050347, 1.5555524243558727)
(1.4332874637455417, 0.5748958625844894, 1.5555524243558727)
(1.4336824427043404, 0.587847158170522, 1.5403085219168484)
(1.4342747964122786, 0.6007909282094007, 1.5250646194778241)
(1.4350643872229039, 0.6137241649305953, 1.5098207170387998)
(1.4359004245518012, 0.6274181802824486, 1.5098207170387998)
(1.436887068986269, 0.6403378783630779, 1.4945768145997755)
(1.4380705377759777, 0.6532410356262622, 1.4793329121607512)
(1.4390571822104454, 0.6661607337068916, 1.4945768145997755)
(1.4399857887370033, 0.6783204495474838, 1.4945768145997755)
(1.4410304710793809, 0.6920001298681501, 1.4945768145997755)
(1.441843001790119, 0.7026398812286683, 1.4945768145997755)
(1.4426325926007442, 0.7155731179498629, 1.5098207170387998)
(1.4434686299296415, 0.7292671333017161, 1.5098207170387998)
(1.4444552743641093, 0.7421868313823454, 1.4945768145997755)
(1.4453838808906672, 0.7543465472229377, 1.4945768145997755)
(1.4461734717012924, 0.7672797839441323, 1.5098207170387998)
(1.4471601161357601, 0.7801994820247616, 1.4945768145997755)
(1.4477176255079371, 0.7923818538260592, 1.5250646194778243)
(1.4482751348801142, 0.8045642256273567, 1.5250646194778243)
(1.4488326442522912, 0.8167465974286543, 1.5250646194778243)
(1.4494598422959903, 0.830451765705114, 1.5250646194778243)
(1.4502494331066156, 0.8433850024263086, 1.5098207170388)
(1.4509925773989687, 0.8555574605168448, 1.5098207170388)
(1.451828614727866, 0.869251475868698, 1.5098207170388)
(1.4523512797642821, 0.8806724494324145, 1.5250646194778243)
(1.4531408705749074, 0.8936056861536091, 1.5098207170388)
(1.4538840148672605, 0.9057781442441453, 1.5098207170388)
(1.4547200521961579, 0.9194721595959985, 1.5098207170388)
(1.455463196488511, 0.9316446176865346, 1.5098207170388)
(1.4564498409229787, 0.9445643157671639, 1.4945768145997758)
(1.4573784474495366, 0.9567240316077562, 1.4945768145997758)
(1.4585619162392454, 0.9696271888709406, 1.4793329121607515)
(1.4598150008401134, 0.9832893553849005, 1.4793329121607515)
(1.4611950189799805, 0.9961729734973842, 1.4640890097217272)
(1.4623784877696893, 1.0090761307605685, 1.4793329121607515)
(1.463365132204157, 1.0219958288411977, 1.4945768145997758)
(1.4645486009938657, 1.034898986104382, 1.4793329121607515)
(1.4658016855947338, 1.0485611526183418, 1.4793329121607515)
(1.467099771204917, 1.0591526345221256, 1.4488451072827027)
(1.4682124160136454, 1.0682310475825116, 1.4488451072827027)
(1.4691053689276772, 1.0765675063611775, 1.464089009721727)
(1.4695924341535127, 1.0811146656949953, 1.464089009721727)
(1.4698705953556948, 1.0833842689600917, 1.4488451072827027)
(1.4700560361571495, 1.0848973378034894, 1.4488451072827027)
(1.4701602778753344, 1.0856523709604542, 1.4336012048436784)
(1.4701602778753344, 1.0856523709604542, 1.4336012048436784)
(1.4701602778753344, 1.0856523709604542, 1.4336012048436784)
(1.4701602778753344, 1.0856523709604542, 1.4336012048436784)
(1.4701602778753344, 1.0856523709604542, 1.4336012048436784)
(1.4701602778753344, 1.0856523709604542, 1.4336012048436784)
(1.4701602778753344, 1.0856523709604542, 1.4336012048436784)
(1.4701602778753344, 1.0856523709604542, 1.4336012048436784)
(1.4701602778753344, 1.0856523709604542, 1.4336012048436784)
(1.4701602778753344, 1.0856523709604542, 1.4336012048436784)
(1.4701602778753344, 1.0856523709604542, 1.4336012048436784)
(1.4701602778753344, 1.0856523709604542, 1.4336012048436784)
(1.4701602778753344, 1.0856523709604542, 1.4336012048436784)
(1.4701602778753344, 1.0856523709604542, 1.4336012048436784)
(1.4701602778753344, 1.0856523709604542, 1.4336012048436784)
(1.4701602778753344, 1.0856523709604542, 1.4336012048436784)
(1.4701602778753344, 1.0856523709604542, 1.4336012048436784)
(1.4701602778753344, 1.0856523709604542, 1.4336012048436784)
(1.4701602778753344, 1.0856523709604542, 1.4336012048436784)
(1.4701602778753344, 1.0856523709604542, 1.4336012048436784)
(1.4701602778753344, 1.0856523709604542, 1.4336012048436784)
(1.4701602778753344, 1.0856523709604542, 1.4336012048436784)
(1.4701602778753344, 1.0856523709604542, 1.4336012048436784)
(1.4701602778753344, 1.0856523709604542, 1.4336012048436784)
(1.4701602778753344, 1.0856523709604542, 1.4336012048436784)
(1.4701602778753344, 1.0856523709604542, 1.4336012048436784)
(1.4701602778753344, 1.0856523709604542, 1.4336012048436784)
(1.4701602778753344, 1.0856523709604542, 1.4336012048436784)
(1.4701602778753344, 1.0856523709604542, 1.4336012048436784)
(1.4701602778753344, 1.0856523709604542, 1.4336012048436784)
(1.4701602778753344, 1.0856523709604542, 1.4336012048436784)
(1.4701602778753344, 1.0856523709604542, 1.4336012048436784)
(1.4701602778753344, 1.0856523709604542, 1.4336012048436784)
(1.4701602778753344, 1.0856523709604542, 1.4336012048436784)
(1.4701602778753344, 1.0856523709604542, 1.4336012048436784)
(1.4701602778753344, 1.0856523709604542, 1.4336012048436784)
(1.4701602778753344, 1.0856523709604542, 1.4336012048436784)
(1.4701602778753344, 1.0856523709604542, 1.4336012048436784)
(1.4701602778753344, 1.0856523709604542, 1.4336012048436784)
(1.4701602778753344, 1.0856523709604542, 1.4336012048436784)
(1.4701602778753344, 1.0856523709604542, 1.4336012048436784)
(1.4701602778753344, 1.0856523709604542, 1.4336012048436784)
(1.4701602778753344, 1.0856523709604542, 1.4336012048436784)
(1.4701602778753344, 1.0856523709604542, 1.4336012048436784)
(1.4701602778753344, 1.0856523709604542, 1.4336012048436784)
(1.4701602778753344, 1.0856523709604542, 1.4336012048436784)
(1.4701602778753344, 1.0856523709604542, 1.4336012048436784)
(1.4701602778753344, 1.0856523709604542, 1.4336012048436784)
(1.4701602778753344, 1.0856523709604542, 1.4336012048436784)
(1.4701602778753344, 1.0856523709604542, 1.4336012048436784)
(1.4701602778753344, 1.0856523709604542, 1.4336012048436784)
(1.4701602778753344, 1.0856523709604542, 1.4336012048436784)
(1.4701602778753344, 1.0856523709604542, 1.4336012048436784)
(1.4701602778753344, 1.0856523709604542, 1.4336012048436784)
(1.4701602778753344, 1.0856523709604542, 1.4336012048436784)
(1.4701602778753344, 1.0856523709604542, 1.4336012048436784)
(1.4701602778753344, 1.0856523709604542, 1.4336012048436784)
(1.4701602778753344, 1.0856523709604542, 1.4336012048436784)
(1.4701602778753344, 1.0856523709604542, 1.4336012048436784)
(1.4701602778753344, 1.0856523709604542, 1.4336012048436784)
(1.4701602778753344, 1.0856523709604542, 1.4336012048436784)
(1.4701602778753344, 1.0856523709604542, 1.4336012048436784)
(1.4701602778753344, 1.0856523709604542, 1.4336012048436784)
(1.4701602778753344, 1.0856523709604542, 1.4336012048436784)
(1.4701602778753344, 1.0856523709604542, 1.4336012048436784)
(1.4701602778753344, 1.0856523709604542, 1.4336012048436784)
(1.4701602778753344, 1.0856523709604542, 1.4336012048436784)
(1.4701602778753344, 1.0856523709604542, 1.4336012048436784)
(1.4701602778753344, 1.0856523709604542, 1.4336012048436784)
(1.4701602778753344, 1.0856523709604542, 1.4336012048436784)
(1.4701602778753344, 1.0856523709604542, 1.4336012048436784)
(1.4701602778753344, 1.0856523709604542, 1.4336012048436784)
(1.4701602778753344, 1.0856523709604542, 1.4336012048436784)
(1.4701602778753344, 1.0856523709604542, 1.4336012048436784)
(1.4701602778753344, 1.0856523709604542, 1.4336012048436784)
(1.4701602778753344, 1.0856523709604542, 1.4336012048436784)
(1.4701602778753344, 1.0856523709604542, 1.4336012048436784)
(1.4701602778753344, 1.0856523709604542, 1.4336012048436784)
(1.4701602778753344, 1.0856523709604542, 1.4336012048436784)
(1.4701602778753344, 1.0856523709604542, 1.4336012048436784)
(1.4701602778753344, 1.0856523709604542, 1.4336012048436784)
(1.4701602778753344, 1.0856523709604542, 1.4336012048436784)
(1.4701602778753344, 1.0856523709604542, 1.4336012048436784)
(1.4701602778753344, 1.0856523709604542, 1.4336012048436784)
(1.4701602778753344, 1.0856523709604542, 1.4336012048436784)
(1.4701602778753344, 1.0856523709604542, 1.4336012048436784)
(1.4701602778753344, 1.0856523709604542, 1.4336012048436784)
(1.4701602778753344, 1.0856523709604542, 1.4336012048436784)
(1.4701602778753344, 1.0856523709604542, 1.4336012048436784)
(1.4701602778753344, 1.0856523709604542, 1.4336012048436784)
(1.4701602778753344, 1.0856523709604542, 1.4336012048436784)
(1.4701602778753344, 1.0856523709604542, 1.4336012048436784)
(1.4701602778753344, 1.0856523709604542, 1.4336012048436784)
(1.4701602778753344, 1.0856523709604542, 1.4336012048436784)
(1.4701602778753344, 1.0856523709604542, 1.4336012048436784)
(1.4701602778753344, 1.0856523709604542, 1.4336012048436784)
(1.4701602778753344, 1.0856523709604542, 1.4336012048436784)
(1.4701602778753344, 1.0856523709604542, 1.4336012048436784)
(1.4701602778753344, 1.0856523709604542, 1.4336012048436784)
(1.4701602778753344, 1.0856523709604542, 1.4336012048436784)
(1.4701602778753344, 1.0856523709604542, 1.4336012048436784)
(1.4701602778753344, 1.0856523709604542, 1.4336012048436784)
(1.4701602778753344, 1.0856523709604542, 1.4336012048436784)
(1.4701602778753344, 1.0856523709604542, 1.4336012048436784)
(1.4701602778753344, 1.0856523709604542, 1.4336012048436784)
(1.4701602778753344, 1.0856523709604542, 1.4336012048436784)
(1.4701602778753344, 1.0856523709604542, 1.4336012048436784)
(1.4701602778753344, 1.0856523709604542, 1.4336012048436784)
(1.4701602778753344, 1.0856523709604542, 1.4336012048436784)
(1.4701602778753344, 1.0856523709604542, 1.4336012048436784)
(1.4701602778753344, 1.0856523709604542, 1.4336012048436784)
(1.4701602778753344, 1.0856523709604542, 1.4336012048436784)
(1.4701602778753344, 1.0856523709604542, 1.4336012048436784)
(1.4701602778753344, 1.0856523709604542, 1.4336012048436784)
(1.4701602778753344, 1.0856523709604542, 1.4336012048436784)
(1.4701602778753344, 1.0856523709604542, 1.4336012048436784)
(1.4701602778753344, 1.0856523709604542, 1.4336012048436784)
(1.4701602778753344, 1.0856523709604542, 1.4336012048436784)
(1.4701602778753344, 1.0856523709604542, 1.4336012048436784)
(1.4701602778753344, 1.0856523709604542, 1.4336012048436784)
(1.4701602778753344, 1.0856523709604542, 1.4336012048436784)
(1.4701602778753344, 1.0856523709604542, 1.4336012048436784)
(1.4701602778753344, 1.0856523709604542, 1.4336012048436784)
(1.4701602778753344, 1.0856523709604542, 1.4336012048436784)
(1.4701602778753344, 1.0856523709604542, 1.4336012048436784)
(1.4701602778753344, 1.0856523709604542, 1.4336012048436784)
(1.4701602778753344, 1.0856523709604542, 1.4336012048436784)
(1.4701602778753344, 1.0856523709604542, 1.4336012048436784)
(1.4701602778753344, 1.0856523709604542, 1.4336012048436784)
(1.4701602778753344, 1.0856523709604542, 1.4336012048436784)
(1.4701602778753344, 1.0856523709604542, 1.4336012048436784)
(1.4701602778753344, 1.0856523709604542, 1.4336012048436784)
(1.4701602778753344, 1.0856523709604542, 1.4336012048436784)
(1.4701602778753344, 1.0856523709604542, 1.4336012048436784)
(1.4701602778753344, 1.0856523709604542, 1.4336012048436784)
(1.4701602778753344, 1.0856523709604542, 1.4336012048436784)
(1.4701602778753344, 1.0856523709604542, 1.4336012048436784)
(1.4701602778753344, 1.0856523709604542, 1.4336012048436784)
(1.4701602778753344, 1.0856523709604542, 1.4336012048436784)
(1.4701602778753344, 1.0856523709604542, 1.4336012048436784)
(1.4701602778753344, 1.0856523709604542, 1.4336012048436784)
(1.4701602778753344, 1.0856523709604542, 1.4336012048436784)
(1.4701602778753344, 1.0856523709604542, 1.4336012048436784)
(1.4701602778753344, 1.0856523709604542, 1.4336012048436784)
(1.4701602778753344, 1.0856523709604542, 1.4336012048436784)
(1.4701602778753344, 1.0856523709604542, 1.4336012048436784)
(1.4701602778753344, 1.0856523709604542, 1.4336012048436784)
(1.4701602778753344, 1.0856523709604542, 1.4336012048436784)
(1.4701602778753344, 1.0856523709604542, 1.4336012048436784)
(1.4701602778753344, 1.0856523709604542, 1.4336012048436784)
(1.4701602778753344, 1.0856523709604542, 1.4336012048436784)
(1.4702529982760617, 1.086408905382153, 1.4488451072827027)
(1.4702529982760617, 1.086408905382153, 1.5098207170388003)
(1.4702413798979685, 1.0871710119476783, 1.5860402292339222)
(1.470403734973247, 1.085655292169739, 1.6775036438680686)
(1.470403734973247, 1.085655292169739, 1.768967058502215)
(1.470632528304175, 1.0849282467683719, 1.8756743755753857)
(1.4709586062409423, 1.0842393239983317, 2.012869497526605)
(1.4718124244009267, 1.0829764858593027, 2.165308521916849)
(1.473340185631321, 1.081275186867873, 2.3025036438680684)
(1.473922213634631, 1.0807830641115517, 2.439698765819288)
(1.4745660778477756, 1.0803751667237715, 2.5768938877705074)
(1.4773594245793746, 1.0791535790274172, 2.7293329121607512)
(1.4788326502695666, 1.0787619520601845, 2.881771936550995)
(1.4803425756439934, 1.0785524503194601, 3.0037231560631903)
(1.4826291604898976, 1.0785509083022553, 3.14091827801441)
(1.484894470339918, 1.0788621058580556, 3.2781133999656293)
(1.484894470339918, 1.0788621058580556, 3.4000646194778246)
(1.4870043933387351, 1.079743410331208, 3.537259741429044)
(1.4855805217667442, 1.0791990250244803, 3.5067719365509955)
(1.4855805217667442, 1.0791990250244803, 3.5067719365509955)
(1.484872817815297, 1.0789160117367491, 3.52201583899002)
(1.481356279483935, 1.0774471709481617, 3.537259741429044)
(1.4771921242740391, 1.0755567472048595, 3.5677475463070927)
(1.4716399173275112, 1.07303618221379, 3.5677475463070927)
(1.4654376347162281, 1.0701056627840984, 3.582991448746117)
(1.4571679245678506, 1.0661983035445097, 3.582991448746117)
(1.448898214419473, 1.062290944304921, 3.582991448746117)
(1.4392502192463659, 1.057732358525401, 3.582991448746117)
(1.4303569320000524, 1.0533633152413293, 3.5982353511851413)
(1.4207795457347918, 1.0486581917046367, 3.5982353511851413)
(1.4112021594695312, 1.043953068167944, 3.5982353511851413)
(1.4002565751663762, 1.0385757841260097, 3.5982353511851413)
(1.390073126765924, 1.0333787470317866, 3.6134792536241656)
(1.3798116414817163, 1.028337543242473, 3.5982353511851413)
(1.3688660571785614, 1.0229602592005387, 3.5982353511851413)
(1.3573248156580489, 1.0170702838270858, 3.6134792536241656)
(1.3464624706975665, 1.0115267775932477, 3.6134792536241656)
(1.3356001257370842, 1.0059832713594097, 3.6134792536241656)
(1.3247377807766019, 1.0004397651255716, 3.6134792536241656)
(1.3138754358161195, 0.9948962588917337, 3.6134792536241656)
(1.3028491556182829, 0.9896864465722821, 3.582991448746117)
(1.2932011604451756, 0.9851278607927619, 3.582991448746117)
(1.2815714771230735, 0.9794144964982067, 3.5982353511851413)
(1.271994090857813, 0.974709372961514, 3.5982353511851413)
(1.261048506554658, 0.9693320889195797, 3.5982353511851413)
(1.2493330838444565, 0.9637966633301623, 3.582991448746117)
(1.2369285186218901, 0.9579356244707793, 3.582991448746117)
(1.2259022384240534, 0.9527258121513277, 3.582991448746117)
(1.2148759582262167, 0.9475159998318761, 3.582991448746117)
(1.20384967802838, 0.9423061875124245, 3.582991448746117)
(1.1914451128058137, 0.9364451486530414, 3.582991448746117)
(1.180418832607977, 0.9312353363335898, 3.582991448746117)
(1.1687891492858749, 0.9255219720390345, 3.5982353511851413)
(1.1576847353928188, 0.9204808420568954, 3.5677475463070927)
(1.1453709530517693, 0.9144313975097192, 3.5982353511851413)
(1.1336555303415679, 0.9088959719203019, 3.582991448746117)
(1.121857090580196, 0.9035397713142791, 3.5677475463070927)
(1.1101416678699945, 0.8980043457248618, 3.582991448746117)
(1.0983432281086225, 0.8926481451188389, 3.5677475463070927)
(1.086627805398421, 0.8871127195294216, 3.582991448746117)
(1.0748293656370491, 0.8817565189233988, 3.5677475463070927)
(1.0631139429268477, 0.8762210933339815, 3.582991448746117)
(1.0513155031654757, 0.8708648927279586, 3.5677475463070927)
(1.0402110892724197, 0.8658237627458195, 3.5677475463070927)
(1.0291066753793636, 0.8607826327636804, 3.5677475463070927)
(1.0172279601945935, 0.8556069017724298, 3.5525036438680684)
(1.0054295204332215, 0.850250701166407, 3.5677475463070927)
(0.9935508052484513, 0.8450749701751564, 3.5525036438680684)
(0.9817523654870793, 0.8397187695691336, 3.5677475463070927)
(0.9706479515940234, 0.8346776395869945, 3.5677475463070927)
(0.9587692364092532, 0.8295019085957439, 3.5525036438680684)
(0.9468130060826225, 0.8245078499145468, 3.537259741429044)
(0.9361974468109168, 0.8202626505985778, 3.52201583899002)
(0.9242412164842861, 0.8152685919173808, 3.537259741429044)
(0.9129882938239279, 0.8105683013939011, 3.537259741429044)
(0.9003287558310249, 0.8052804745549866, 3.537259741429044)
(0.8890758331706666, 0.800580184031507, 3.537259741429044)
(0.8770448659960668, 0.7957689581400754, 3.52201583899002)
(0.865721602772914, 0.7912407455363751, 3.52201583899002)
(0.8536186944109915, 0.7866134704291887, 3.5067719365509955)
(0.8422277218350643, 0.7822583879753662, 3.5067719365509955)
(0.8308367492591372, 0.7779033055215436, 3.5067719365509955)
(0.8188057820845374, 0.7730920796301121, 3.52201583899002)
(0.8067028737226148, 0.7684648045229256, 3.5067719365509955)
(0.7953119011466877, 0.7641097220691031, 3.5067719365509955)
(0.7832809339720879, 0.7592984961776715, 3.52201583899002)
(0.7711780256101654, 0.7546712210704851, 3.5067719365509955)
(0.7597870530342382, 0.7503161386166626, 3.5067719365509955)
(0.7469722088863202, 0.7454166708561123, 3.5067719365509955)
(0.7355812363103931, 0.7410615884022898, 3.5067719365509955)
(0.7235502691357932, 0.7362503625108582, 3.52201583899002)
(0.7122270059126404, 0.7317221499071579, 3.52201583899002)
(0.7009037426894876, 0.7271939373034576, 3.52201583899002)
(0.6888008343275651, 0.7225666621962712, 3.5067719365509955)
(0.677409861751638, 0.7182115797424486, 3.5067719365509955)
(0.6660188891757108, 0.7138564972886261, 3.5067719365509955)
(0.6538468520042342, 0.7094142482151415, 3.491528034111971)
(0.6409588126462001, 0.7047106903726286, 3.491528034111971)
(0.629502777661281, 0.7005297500681725, 3.491528034111971)
(0.618046742676362, 0.6963488097637165, 3.491528034111971)
(0.6065907076914429, 0.6921678694592605, 3.491528034111971)
(0.5951346727065238, 0.6879869291548044, 3.491528034111971)
(0.5828963351668658, 0.6837307383695975, 3.476284131672947)
(0.5707242979953892, 0.679288489296113, 3.491528034111971)
(0.5584859604557312, 0.6750322985109061, 3.476284131672947)
(0.5469675251242884, 0.6710264718895349, 3.476284131672947)
(0.5346657310641748, 0.6669573284124335, 3.4610402292339226)
(0.5224273935245168, 0.6627011376272266, 3.476284131672947)
(0.510908958193074, 0.6586953110058554, 3.476284131672947)
(0.4993905228616312, 0.6546894843844843, 3.476284131672947)
(0.48708872880151766, 0.6506203409073829, 3.4610402292339226)
(0.47551056968611666, 0.6467905588112874, 3.4610402292339226)
(0.46248514068129054, 0.64248205395318, 3.4610402292339226)
(0.45157714775130164, 0.6390575092940004, 3.4457963267948983)
(0.43915703051128735, 0.6353652534145979, 3.430552424355874)
(0.42824903758129845, 0.6319407087554183, 3.4457963267948983)
(0.4159472435211849, 0.6278715652783169, 3.4610402292339226)
(0.4029218145163588, 0.6235630604202095, 3.4610402292339226)
(0.3891050234717062, 0.6192253038519153, 3.4457963267948983)
(0.37510437417678305, 0.6155237276825061, 3.400064619477825)
(0.3626294177723248, 0.6120212245145491, 3.4153085219168493)
(0.35634068620391707, 0.6092811316368282, 3.552503643868069)
(0.3518737450994205, 0.6063635014407025, 3.720186570697337)
(0.34907564434026256, 0.6037761925608516, 3.887869497526605)
(0.3454264239493848, 0.5988911705148336, 4.0707963267948974)
(0.34340164245204297, 0.5947906643961495, 4.25372315606319)
(0.342420091488225, 0.5911082612672697, 4.451893887770507)
(0.34227660652620234, 0.588062859072404, 4.665308521916849)
(0.34252899713564133, 0.5865595079504196, 4.87872315606319)
(0.34282229093308236, 0.5858560023340178, 5.107381692648556)
(0.34282229093308236, 0.5858560023340178, 5.3207963267948974)
(0.3417058464067808, 0.5868939412702738, 5.534210960941239)
(0.34461266502170684, 0.5844294046732489, 5.579942668258313)
(0.3480090743361453, 0.5813670045834272, 5.549454863380264)
(0.35021006070402644, 0.5792573312743053, 5.5189670585022155)
(0.35247433358031877, 0.5772157312144242, 5.549454863380264)
(0.35638188942237414, 0.5735829449375281, 5.534210960941239)
(0.36133410875010674, 0.568836179992004, 5.518967058502215)
(0.36729768239750943, 0.562942989071367, 5.50372315606319)
(0.37423855850641596, 0.5558716853652358, 5.488479253624165)
(0.38171334816216146, 0.5482564352201714, 5.488479253624165)
(0.3902559649115849, 0.5395532921972408, 5.488479253624165)
(0.39919048437152027, 0.5301689207342861, 5.47323535118514)
(0.40759944386322416, 0.5213365711220935, 5.47323535118514)
(0.41600840335492806, 0.5125042215099009, 5.47323535118514)
(0.4247988358458292, 0.5029847487116, 5.457991448746116)
(0.4327952260166625, 0.4937772113839039, 5.427503643868067)
(0.4414712260122015, 0.4831493217086435, 5.3970158389900185)
(0.448565382451114, 0.47418356684339985, 5.381771936550994)
(0.45613248265262063, 0.46462009498713996, 5.381771936550994)
(0.46369958285412727, 0.4550566231308801, 5.381771936550994)
(0.4718935828499141, 0.44501917177091194, 5.3970158389900185)
(0.47960558284594884, 0.435572158726236, 5.3970158389900185)
(0.48924558284099223, 0.4237633924203911, 5.3970158389900185)
(0.49792158283653126, 0.4131355027451307, 5.3970158389900185)
(0.5059179730073645, 0.4039279654174346, 5.427503643868067)
(0.5142640249781649, 0.3940165839680411, 5.412259741429042)
(0.520761091991967, 0.38653545988928806, 5.427503643868067)
(0.526354464437873, 0.3802898138413237, 5.442747546307092)
(0.5332953405467795, 0.3732185101351926, 5.488479253624165)
(0.539898299650423, 0.3668894902078271, 5.518967058502214)
(0.547155189071383, 0.36014288712216297, 5.534210960941238)
(0.5551881459831706, 0.3531189196946398, 5.564698765819287)
(0.5625470328311205, 0.3464837195000261, 5.549454863380262)
(0.5700062071063519, 0.3399614640316117, 5.564698765819287)
(0.57872666295113, 0.33256785424053686, 5.579942668258312)
(0.5857030276269525, 0.326652966407677, 5.579942668258312)
(0.5945351733778613, 0.3193931442805098, 5.5951865706973365)
(0.6027785094120429, 0.31261731029515377, 5.5951865706973365)
(0.611720292725165, 0.30549296281172955, 5.610430473136361)
(0.6207696357798768, 0.2985057454713612, 5.625674375575386)
(0.6304222683715692, 0.291052713641635, 5.625674375575386)
(0.6395770683533678, 0.28420425007842154, 5.640918278014411)
(0.6486264114080795, 0.2772170327380532, 5.625674375575386)
(0.658279043999772, 0.269764000908327, 5.625674375575386)
(0.6679316765914645, 0.26231096907860074, 5.625674375575386)
(0.677086476573263, 0.2554625055153873, 5.640918278014411)
(0.6868515965538482, 0.24815747771462626, 5.640918278014411)
(0.6973441434215395, 0.24055494353423718, 5.656162180453435)
(0.7072194816499547, 0.23339961724681216, 5.656162180453435)
(0.7175949216293265, 0.22563802520850357, 5.640918278014411)
(0.7273600416099116, 0.21833299740774254, 5.640918278014411)
(0.7371251615904968, 0.2110279696069815, 5.640918278014411)
(0.7476177084581881, 0.20342543542659242, 5.656162180453435)
(0.7574930466866033, 0.1962701091391674, 5.656162180453435)
(0.7673683849150186, 0.18911478285174238, 5.656162180453435)
(0.7772437231434338, 0.18195945656431736, 5.656162180453435)
(0.7871190613718491, 0.17480413027689234, 5.656162180453435)
(0.7977262769531116, 0.1673624205709644, 5.67140608289246)
(0.8077095386766528, 0.16035845849479693, 5.67140608289246)
(0.8176928004001941, 0.15335449641862947, 5.67140608289246)
(0.8276760621237353, 0.146350534342462, 5.67140608289246)
(0.8383954815980158, 0.13907137835642217, 5.686649985331485)
(0.8490026971792783, 0.13162966865049422, 5.67140608289246)
(0.8597221166535588, 0.12435051266445438, 5.686649985331485)
(0.8705512491272536, 0.11723560187078653, 5.70189388777051)
(0.8800095604280892, 0.11081281717722197, 5.686649985331485)
(0.891359533989092, 0.10310547554494448, 5.686649985331485)
(0.9007188418549119, 0.09653926109853747, 5.67140608289246)
(0.9099769714440512, 0.08983114270407651, 5.656162180453435)
(0.920806103917746, 0.08271623191040865, 5.701893887770509)
(0.9291691791005994, 0.07740228133202766, 5.7171377902095335)
(0.939462194710265, 0.07086203446632797, 5.7171377902095335)
(0.9497552103199307, 0.06432178760062827, 5.7171377902095335)
(0.9580363116233443, 0.05888097346429403, 5.701893887770509)
(0.9658299476700558, 0.05409403296573148, 5.732381692648557)
(0.9772960879363208, 0.04656059800773022, 5.701893887770509)
(0.9863886633241508, 0.04097583409274058, 5.732381692648557)
(0.9973249924094205, 0.03402682179793465, 5.717137790209533)
(1.0078125915599503, 0.027803377135778063, 5.747625595087581)
(1.017732510197832, 0.02211944978743799, 5.762869497526606)
(1.0296364125632902, 0.015298736969429901, 5.762869497526606)
(1.040217659110364, 0.00923588113120049, 5.762869497526606)
(1.0521215614758221, 0.0024151683131924014, 5.762869497526606)
(1.0634610238307112, -0.0038544934987983772, 5.778113399965631)
(1.0747035982869773, -0.010296277826917128, 5.762869497526606)
(1.0860430606418663, -0.016565939638907907, 5.778113399965631)
(1.0980495501941017, -0.023204405086898142, 5.778113399965631)
(1.1094832654733677, -0.029300487488519537, 5.793357302404655)
(1.1215895522396495, -0.03575516297258925, 5.793357302404655)
(1.1331148635673003, -0.041676249404605306, 5.80860120484368)
(1.145318134384813, -0.04794563503850466, 5.80860120484368)
(1.1561654862226018, -0.053518422268637414, 5.80860120484368)
(1.1683687570401144, -0.059787807902536766, 5.80860120484368)
(1.180572027857627, -0.06605719353643612, 5.80860120484368)
(1.1921862570733077, -0.07180190810378512, 5.823845107282705)
(1.204483676242852, -0.07788454705744877, 5.823845107282705)
(1.2160089875705027, -0.08380563348946482, 5.80860120484368)
(1.2282122583880153, -0.09007501912336417, 5.80860120484368)
(1.240415529205528, -0.09634440475726352, 5.80860120484368)
(1.2512628810433168, -0.10191719198739628, 5.80860120484368)
(1.2593983949216587, -0.10609678240999584, 5.80860120484368)
(1.2675339088000006, -0.1102763728325954, 5.80860120484368)
(1.2743135036986188, -0.11375936485142837, 5.80860120484368)
(1.2778260670393076, -0.11523768615473354, 5.884820717038802)
(1.2814410002135548, -0.11644424872827977, 5.961040229233924)
(1.28291369635659, -0.11683786235354478, 6.022015838990021)
(1.2836668171043244, -0.11695512506397793, 6.128723156063192)
(1.2851904018089129, -0.1170046756810168, 6.250674375575387)
(1.2851904018089129, -0.1170046756810168, 0.08944028790799585)
(1.2844476975914492, -0.11717594111619845, 0.22663540985921535)
(1.2830315275471966, -0.11774005814436415, 0.37907443424945925)
(1.281717440689194, -0.11851267793787823, 0.5315134586397031)
(1.2811194048923955, -0.11898521850721996, 0.6687085805909226)
(1.2800807132892948, -0.12010096281903755, 0.8211476049811666)
(1.2787662083610036, -0.12197193834769474, 0.9583427269323861)
(1.2780894382888899, -0.12333786216884873, 1.11078175132263)
(1.277583857972287, -0.12477597000874414, 1.232732970834825)
(1.2771276380417826, -0.12701658064210883, 1.3699280927860444)
(1.2772683089074612, -0.12626747910595004, 1.3851719952250687)
(1.2775951897415991, -0.12477854843732296, 1.35468419034702)
(1.2777699592865823, -0.12403666097276203, 1.3394402879079956)
(1.2777699592865823, -0.12403666097276203, 1.4004158976640932)
(1.2778416222711793, -0.12327784227204037, 1.4766354098592152)
(1.2778416222711793, -0.12327784227204037, 1.5376110196153128)
(1.2778744126091603, -0.12403933173202084, 1.6138305318104347)
(1.2778744126091603, -0.12403933173202084, 1.705293946444581)
(1.278215941678543, -0.12552497082361458, 1.7967573610787275)
(1.2786917354524434, -0.12697320626732622, 1.888220775712874)
(1.2790054013302037, -0.12766786814266926, 1.9949280927860447)
(1.2793912680451103, -0.12832517194020382, 2.1016354098592154)
(1.2803171908524313, -0.12953613542874817, 2.2235866293714106)
(1.2803171908524313, -0.12953613542874817, 2.345537848883606)
(1.2821251730142669, -0.13093601868738824, 2.4827329708348254)
(1.2834350724812387, -0.13171571670722143, 2.6046841903470206)
(1.2841371857330048, -0.132012328213439, 2.74187931229824)
(1.2863454316082854, -0.13260572756433406, 2.8790744342494596)
(1.287101649087981, -0.13270099837481264, 3.016269556200679)
(1.2886254789443483, -0.1326596681855044, 3.168708580590923)
(1.290881266939126, -0.1322856452477679, 3.3059037025421425)
(1.2930647051290867, -0.13160662366787665, 3.443098824493362)
(1.2893777095093266, -0.1325707805005685, 3.3973671171762887)
(1.287891840436709, -0.13291130761364925, 3.36687931229824)
(1.2863962815569847, -0.13320638260917203, 3.3363915074201915)
(1.285646340038529, -0.1333425043297846, 3.3211476049811672)
(1.285646340038529, -0.1333425043297846, 3.3211476049811672)
(1.2834175364296023, -0.1338532949994057, 3.3668793122982406)
(1.2834175364296023, -0.1338532949994057, 3.427854922054338)
(1.2820006068201877, -0.13441550145407272, 3.5193183366884844)
(1.2820006068201877, -0.13441550145407272, 3.6107817513226306)
(1.2826398632712221, -0.13400042002382417, 3.7174890683958015)
(1.2826398632712221, -0.13400042002382417, 3.8089524830299477)
(1.2831848887709871, -0.13346760804147753, 3.9156598001031186)
(1.2836519228373995, -0.13286526214024094, 4.052854922054338)
(1.284432504044076, -0.1315558887803896, 4.174806141566533)
(1.285323758824365, -0.12945014958667442, 4.312001263517752)
(1.2855220549586752, -0.12871420118695892, 4.449196385468971)
(1.2856178357220494, -0.1279580481275234, 4.58639150742019)
(1.2855922318768185, -0.12567160611460343, 4.723586629371409)
(1.285343897473835, -0.12416757963877273, 4.876025653761653)
(1.2849144438443565, -0.12270493299797641, 4.997976873273848)
(1.2846665085215143, -0.12198419068645766, 5.043708580590922)
(1.2851182078336567, -0.12344012109245754, 5.013220775712873)
(1.285332934648396, -0.1241714444128557, 4.997976873273848)
(1.2855364887252905, -0.12490595591154434, 4.982732970834824)
(1.2855364887252905, -0.12490595591154434, 4.982732970834824)
(1.28572882276406, -0.12564348490857216, 4.967489068395799)
(1.28572882276406, -0.12564348490857216, 4.967489068395799)
(1.28572882276406, -0.12564348490857216, 4.967489068395799)
(1.28572882276406, -0.12564348490857216, 4.967489068395799)
(1.28572882276406, -0.12564348490857216, 4.967489068395799)
(1.28572882276406, -0.12564348490857216, 4.967489068395799)
(1.28572882276406, -0.12564348490857216, 4.967489068395799)
(1.28572882276406, -0.12564348490857216, 4.967489068395799)
(1.28572882276406, -0.12564348490857216, 4.967489068395799)
(1.28572882276406, -0.12564348490857216, 4.967489068395799)
(1.28572882276406, -0.12564348490857216, 4.967489068395799)
(1.28572882276406, -0.12564348490857216, 4.967489068395799)
(1.28572882276406, -0.12564348490857216, 4.967489068395799)
(1.28572882276406, -0.12564348490857216, 4.967489068395799)
(1.28572882276406, -0.12564348490857216, 4.967489068395799)
(1.28572882276406, -0.12564348490857216, 4.967489068395799)
(1.28572882276406, -0.12564348490857216, 4.967489068395799)
(1.28572882276406, -0.12564348490857216, 4.967489068395799)
(1.28572882276406, -0.12564348490857216, 4.967489068395799)
(1.28572882276406, -0.12564348490857216, 4.967489068395799)
(1.28572882276406, -0.12564348490857216, 4.967489068395799)
(1.28572882276406, -0.12564348490857216, 4.967489068395799)
(1.28572882276406, -0.12564348490857216, 4.967489068395799)
(1.28572882276406, -0.12564348490857216, 4.967489068395799)
(1.28572882276406, -0.12564348490857216, 4.967489068395799)
(1.28572882276406, -0.12564348490857216, 4.967489068395799)
(1.28572882276406, -0.12564348490857216, 4.967489068395799)
(1.28572882276406, -0.12564348490857216, 4.967489068395799)
(1.28572882276406, -0.12564348490857216, 4.967489068395799)
(1.28572882276406, -0.12564348490857216, 4.967489068395799)
(1.28572882276406, -0.12564348490857216, 4.967489068395799)
(1.28572882276406, -0.12564348490857216, 4.967489068395799)
(1.28572882276406, -0.12564348490857216, 4.967489068395799)
(1.28572882276406, -0.12564348490857216, 4.967489068395799)
(1.28572882276406, -0.12564348490857216, 4.967489068395799)
(1.28572882276406, -0.12564348490857216, 4.967489068395799)
(1.28572882276406, -0.12564348490857216, 4.967489068395799)
(1.28572882276406, -0.12564348490857216, 4.967489068395799)
(1.28572882276406, -0.12564348490857216, 4.967489068395799)
(1.28572882276406, -0.12564348490857216, 4.967489068395799)
(1.28572882276406, -0.12564348490857216, 4.967489068395799)
(1.28572882276406, -0.12564348490857216, 4.967489068395799)
(1.28572882276406, -0.12564348490857216, 4.967489068395799)
(1.28572882276406, -0.12564348490857216, 4.967489068395799)
(1.28572882276406, -0.12564348490857216, 4.967489068395799)
(1.28572882276406, -0.12564348490857216, 4.967489068395799)
(1.28572882276406, -0.12564348490857216, 4.967489068395799)
(1.28572882276406, -0.12564348490857216, 4.967489068395799)
(1.28572882276406, -0.12564348490857216, 4.967489068395799)
(1.28572882276406, -0.12564348490857216, 4.967489068395799)
(1.28572882276406, -0.12564348490857216, 4.967489068395799)
(1.28572882276406, -0.12564348490857216, 4.967489068395799)
(1.28572882276406, -0.12564348490857216, 4.967489068395799)
(1.28572882276406, -0.12564348490857216, 4.967489068395799)
(1.28572882276406, -0.12564348490857216, 4.967489068395799)
(1.28572882276406, -0.12564348490857216, 4.967489068395799)
(1.28572882276406, -0.12564348490857216, 4.967489068395799)
(1.28572882276406, -0.12564348490857216, 4.967489068395799)
(1.28572882276406, -0.12564348490857216, 4.967489068395799)
(1.28572882276406, -0.12564348490857216, 4.967489068395799)
(1.28572882276406, -0.12564348490857216, 4.967489068395799)
(1.28572882276406, -0.12564348490857216, 4.967489068395799)
(1.28572882276406, -0.12564348490857216, 4.967489068395799)
(1.28572882276406, -0.12564348490857216, 4.967489068395799)
(1.28572882276406, -0.12564348490857216, 4.967489068395799)
(1.28572882276406, -0.12564348490857216, 4.967489068395799)
(1.28572882276406, -0.12564348490857216, 4.967489068395799)
(1.28572882276406, -0.12564348490857216, 4.967489068395799)
(1.28572882276406, -0.12564348490857216, 4.967489068395799)
(1.28572882276406, -0.12564348490857216, 4.967489068395799)
(1.28572882276406, -0.12564348490857216, 4.967489068395799)
(1.28572882276406, -0.12564348490857216, 4.967489068395799)
(1.28572882276406, -0.12564348490857216, 4.967489068395799)
(1.28572882276406, -0.12564348490857216, 4.967489068395799)
(1.28572882276406, -0.12564348490857216, 4.967489068395799)
(1.28572882276406, -0.12564348490857216, 4.967489068395799)
(1.28572882276406, -0.12564348490857216, 4.967489068395799)
(1.28572882276406, -0.12564348490857216, 4.967489068395799)
(1.28572882276406, -0.12564348490857216, 4.967489068395799)
(1.28572882276406, -0.12564348490857216, 4.967489068395799)
(1.2859098920716472, -0.12638386002280558, 4.952245165956774)
(1.2859098920716472, -0.12638386002280558, 4.952245165956774)
(1.2859098920716472, -0.12638386002280558, 4.952245165956774)
(1.2859098920716472, -0.12638386002280558, 4.952245165956774)
(1.2859098920716472, -0.12638386002280558, 4.952245165956774)
(1.2859098920716472, -0.12638386002280558, 4.952245165956774)
(1.2859098920716472, -0.12638386002280558, 4.952245165956774)
(1.2859098920716472, -0.12638386002280558, 4.952245165956774)
(1.2859098920716472, -0.12638386002280558, 4.952245165956774)
(1.2859098920716472, -0.12638386002280558, 4.952245165956774)
(1.2859098920716472, -0.12638386002280558, 4.952245165956774)
(1.2859098920716472, -0.12638386002280558, 4.952245165956774)
(1.2859098920716472, -0.12638386002280558, 4.952245165956774)
(1.2859098920716472, -0.12638386002280558, 4.952245165956774)
(1.2859098920716472, -0.12638386002280558, 4.952245165956774)
(1.2859098920716472, -0.12638386002280558, 4.952245165956774)
(1.2859098920716472, -0.12638386002280558, 4.952245165956774)
(1.2859098920716472, -0.12638386002280558, 4.952245165956774)
(1.2859098920716472, -0.12638386002280558, 4.952245165956774)
(1.2859098920716472, -0.12638386002280558, 4.952245165956774)
(1.2859098920716472, -0.12638386002280558, 4.952245165956774)
(1.2859098920716472, -0.12638386002280558, 4.952245165956774)
(1.2859098920716472, -0.12638386002280558, 4.952245165956774)
(1.2859098920716472, -0.12638386002280558, 4.952245165956774)
(1.2859098920716472, -0.12638386002280558, 4.952245165956774)
(1.2859098920716472, -0.12638386002280558, 4.952245165956774)
(1.2859098920716472, -0.12638386002280558, 4.952245165956774)
(1.2859098920716472, -0.12638386002280558, 4.952245165956774)
(1.2859098920716472, -0.12638386002280558, 4.952245165956774)
(1.2859098920716472, -0.12638386002280558, 4.952245165956774)
(1.2860796545726036, -0.12712690921175288, 4.937001263517749)
(1.2864191795745166, -0.12861300758964744, 4.937001263517749)
(1.2867587045764295, -0.130099105967542, 4.937001263517749)
(1.2867587045764295, -0.130099105967542, 4.937001263517749)
(1.2869397738840167, -0.13083948108177543, 4.952245165956774)
(1.2869397738840167, -0.13083948108177543, 4.952245165956774)
(1.2869397738840167, -0.13083948108177543, 4.952245165956774)
(1.2869397738840167, -0.13083948108177543, 4.952245165956774)
(1.2869397738840167, -0.13083948108177543, 4.952245165956774)
(1.2869397738840167, -0.13083948108177543, 4.952245165956774)
(1.2869397738840167, -0.13083948108177543, 4.952245165956774)
(1.2869397738840167, -0.13083948108177543, 4.952245165956774)
(1.2869397738840167, -0.13083948108177543, 4.952245165956774)
(1.2869397738840167, -0.13083948108177543, 4.952245165956774)
(1.2869397738840167, -0.13083948108177543, 4.952245165956774)
(1.2869397738840167, -0.13083948108177543, 4.952245165956774)
(1.2869397738840167, -0.13083948108177543, 4.952245165956774)
(1.2869397738840167, -0.13083948108177543, 4.952245165956774)
(1.2869397738840167, -0.13083948108177543, 4.952245165956774)
(1.2869397738840167, -0.13083948108177543, 4.952245165956774)
(1.2869397738840167, -0.13083948108177543, 4.952245165956774)
(1.2869397738840167, -0.13083948108177543, 4.952245165956774)
(1.2869397738840167, -0.13083948108177543, 4.952245165956774)
(1.2869397738840167, -0.13083948108177543, 4.952245165956774)
(1.2869397738840167, -0.13083948108177543, 4.952245165956774)
(1.2869397738840167, -0.13083948108177543, 4.952245165956774)
(1.2869397738840167, -0.13083948108177543, 4.952245165956774)
(1.2869397738840167, -0.13083948108177543, 4.952245165956774)
(1.2869397738840167, -0.13083948108177543, 4.952245165956774)
(1.2869397738840167, -0.13083948108177543, 4.952245165956774)
(1.2869397738840167, -0.13083948108177543, 4.952245165956774)
(1.2869397738840167, -0.13083948108177543, 4.952245165956774)
(1.2869397738840167, -0.13083948108177543, 4.952245165956774)
(1.2869397738840167, -0.13083948108177543, 4.952245165956774)
(1.2869397738840167, -0.13083948108177543, 4.952245165956774)
(1.2869397738840167, -0.13083948108177543, 4.952245165956774)
(1.2869397738840167, -0.13083948108177543, 4.952245165956774)
(1.2869397738840167, -0.13083948108177543, 4.952245165956774)
(1.2869397738840167, -0.13083948108177543, 4.952245165956774)
(1.2869397738840167, -0.13083948108177543, 4.952245165956774)
(1.2869397738840167, -0.13083948108177543, 4.952245165956774)
(1.2869397738840167, -0.13083948108177543, 4.952245165956774)
(1.2869397738840167, -0.13083948108177543, 4.952245165956774)
(1.2869397738840167, -0.13083948108177543, 4.952245165956774)
(1.2871321079227862, -0.13157701007880326, 4.967489068395799)
(1.2880374544607218, -0.1352788856499704, 4.952245165956774)
(1.289066686721148, -0.14051403700847798, 4.906513458639701)
(1.2900600243330822, -0.1465301429118008, 4.876025653761652)
(1.291074230755942, -0.1533145101667373, 4.8607817513226275)
(1.292187274750344, -0.16162444656490546, 4.845537848883603)
(1.2931735184708804, -0.16995038394148818, 4.830293946444578)
(1.2939720477411787, -0.17906180058051058, 4.799806141566529)
(1.2946865584268448, -0.18894454168526498, 4.784562239127505)
(1.2951636047031063, -0.1973151053894237, 4.76931833668848)
(1.2955765269359725, -0.20721503430296337, 4.754074434249455)
(1.2958384934872593, -0.21712010728550823, 4.7388305318104305)
(1.2958014851725215, -0.22626637387631007, 4.708342726932382)
(1.2956103598109294, -0.23617306698550095, 4.693098824493357)
(1.2952682458409055, -0.24607569569181162, 4.677854922054332)
(1.2948510724649056, -0.25444945686881154, 4.662611019615308)
(1.2942072548382648, -0.2643370549657793, 4.647367117176283)
(1.2934127922709397, -0.274213690348978, 4.632123214737258)
(1.2922333852597987, -0.2848190434440717, 4.60163540985921)
(1.2909882353359345, -0.29464903321673347, 4.586391507420185)
(1.2895628017984222, -0.30368361684828576, 4.555903702542136)
(1.2878695681571242, -0.313446406260104, 4.5406598001031115)
(1.2860277140003586, -0.3231822508833886, 4.525415897664087)
(1.2840376673235734, -0.33288888837985203, 4.510171995225062)
(1.2818998905580175, -0.34256406319812704, 4.494928092786037)
(1.2796148804632854, -0.3522055270978939, 4.479684190347013)
(1.2771831680118841, -0.36181103967230827, 4.464440287907988)
(1.2746053182658492, -0.37137836886860964, 4.449196385468963)
(1.2715163868522417, -0.3815922328725785, 4.4187085805909145)
(1.2686030902909122, -0.39026219626991315, 4.388220775712866)
(1.2653042135034671, -0.39960545636501854, 4.372976873273841)
(1.2622590964689022, -0.40823000414511584, 4.372976873273841)
(1.2588181807355858, -0.41752189287560276, 4.3577329708348165)
(1.2548092677188973, -0.42741093386015566, 4.327245165956768)
(1.2511162690445905, -0.43577856930614317, 4.296757361078719)
(1.2468077705912326, -0.44554081065979523, 4.296757361078719)
(1.2426693071736787, -0.4545437111815772, 4.281513458639695)
(1.23839409056568, -0.4634824818027659, 4.26626955620067)
(1.2334987093601473, -0.47296403009521576, 4.235781751322621)
(1.2288193197751116, -0.48169801030901255, 4.2205378488835965)
(1.2234956004838762, -0.49094584941215824, 4.190050044005548)
(1.2184218226404788, -0.49945677625119195, 4.174806141566523)
(1.2129577541937433, -0.5086223897701513, 4.174806141566523)
(1.207500197486205, -0.5168924666771417, 4.12907443424945)
(1.2019172115074794, -0.5250783914767527, 4.113830531810425)
(1.1962100935875288, -0.5331782619887617, 4.0985866293714)
(1.1903801699011107, -0.5411901960295583, 4.083342726932376)
(1.1844287951596117, -0.5491123318495112, 4.068098824493351)
(1.1774232841634258, -0.5581475203680603, 4.052854922054326)
(1.171233184011898, -0.5658845583915928, 4.0376110196153014)
(1.1649258649785377, -0.5735263398511051, 4.022367117176277)
(1.159103724332359, -0.580580291967578, 4.022367117176277)
(1.152063519600795, -0.5885990220732248, 3.991879312298228)
(1.1454134450347515, -0.5959444700193746, 3.976635409859204)
(1.1380140185144616, -0.6036329680742857, 3.9461476049811552)
(1.1310350938851592, -0.6106667229948136, 3.930903702542131)
(1.12439808594839, -0.6169600279939884, 3.9004158976640824)
(1.1177610780116207, -0.6232533329931632, 3.9004158976640824)
(1.1097976879174714, -0.6303560742511526, 3.869928092786034)
(1.1016214851029031, -0.6372127660704331, 3.839440287907985)
(1.0939331258091634, -0.6434632243443437, 3.824196385468961)
(1.0861503821093972, -0.6495957603423858, 3.8089524830299366)
(1.077571542315219, -0.6559414693615078, 3.778464678151888)
(1.0688032524864488, -0.6620227199440957, 3.7479768732738394)
(1.0600349626576786, -0.6681039705266836, 3.7479768732738394)
(1.0510853723431972, -0.673915110550163, 3.717489068395791)
(1.0421357820287158, -0.6797262505736423, 3.717489068395791)
(1.0322723240216511, -0.6855076009372059, 3.6717573610787175)
(1.0223218850829128, -0.6911379278202423, 3.6565134586396932)
(1.0122867774165116, -0.6966159228920857, 3.641269556200669)
(1.0035183255031597, -0.7012303945093752, 3.6260256537616447)
(0.9927263846867266, -0.706909744192193, 3.6260256537616447)
(0.9823761094882205, -0.7117660410528258, 3.5802939464445713)
(0.9719530107986137, -0.716464001204862, 3.565050044005547)
(0.9614595106548379, -0.721002532973615, 3.5498061415665227)
(0.9501240737795215, -0.7255001846109511, 3.519318336688474)
(0.9386568023921869, -0.7296502070608102, 3.4888305318104256)
(0.9271895310048522, -0.7338002295106693, 3.4888305318104256)
(0.9171556685409346, -0.737431499154296, 3.4888305318104256)
(0.9062384775911319, -0.7408266070537521, 3.4430988244933523)
(0.8944884926346539, -0.7440913969287147, 3.4126110196153037)
(0.8834275057753739, -0.7469838674267902, 3.3973671171762794)
(0.8715405531944321, -0.7497080843314361, 3.366879312298231)
(0.8603588992211562, -0.7520918692012016, 3.3516354098592065)
(0.8483598349258642, -0.7542698167310022, 3.321147604981158)
(0.8362999562480989, -0.7560809836704913, 3.2906598001031093)
(0.8249692509313701, -0.7576064124327921, 3.275415897664085)
(0.8128831652601927, -0.7592335364459131, 3.275415897664085)
(0.7999760908438835, -0.7603734907197942, 3.2296841903470117)
(0.7878011961639803, -0.7610755868231716, 3.199196385468963)
(0.7756105573130411, -0.7614062283376375, 3.1687085805909145)
(0.764178436181058, -0.761541957137337, 3.1534646781518902)
(0.7519854272619663, -0.7613149485382322, 3.1229768732738417)
(0.7398050045646652, -0.7607163649432438, 3.092489068395793)
(0.7276484889911894, -0.7597467626964663, 3.0620012635177445)
(0.7147493955842169, -0.7585197928464371, 3.04675736107872)
(0.7026499159090892, -0.7569954598787797, 3.0162695562006716)
(0.6906025254362136, -0.7551030058637022, 2.985781751322623)
(0.6786184214229191, -0.7528441897127828, 2.9552939464445744)
(0.6660083410184208, -0.7498646028409546, 2.909562239127501)
(0.6549231676212308, -0.7470662557149471, 2.894318336688477)
(0.6431954666266908, -0.7437223016501039, 2.8638305318104282)
(0.6322498115040113, -0.7404201130094048, 2.848586629371404)
(0.6214665622898267, -0.7366209878116533, 2.8028549220543306)
(0.6099644297946964, -0.7325685876007184, 2.8028549220543306)
(0.5992403446943755, -0.7286055313754703, 2.7876110196153063)
(0.5887086459178839, -0.7241563587822067, 2.741879312298233)
(0.577624720560298, -0.7190703389166753, 2.7113915074201844)
(0.5673074301487223, -0.7141443532846814, 2.69614760498116)
(0.5570664267983517, -0.7090616703060666, 2.680903702542136)
(0.5469040902322486, -0.7038234710543536, 2.6656598001031115)
(0.5375726819017473, -0.6986476296986904, 2.635171995225063)
(0.527660438487901, -0.6929503280226281, 2.6199280927860387)
(0.5178361924856121, -0.6871025928738792, 2.6046841903470144)
(0.5088375305365083, -0.6813677346981879, 2.574196385468966)
(0.49929088961060797, -0.6750769904723171, 2.5589524830299415)
(0.49056380932204435, -0.6689367474147089, 2.528464678151893)
(0.48183672903348074, -0.6627965043571007, 2.528464678151893)
(0.4733008779011833, -0.6563930864715649, 2.4979768732738443)
(0.4642609670920058, -0.6493936701783646, 2.48273297083482)
(0.4572030902703889, -0.6435762878687462, 2.4522451659567714)
(0.4491796142463739, -0.6365414923733819, 2.421757361078723)
(0.44115613822235894, -0.6295066968780175, 2.421757361078723)
(0.4338062072989774, -0.6228615774144522, 2.4065134586396986)
(0.4261127210002241, -0.6154673375116334, 2.37602565376165)
(0.4186482092175659, -0.6078420126650385, 2.3455378488836014)
(0.4118256148634063, -0.6006565200902652, 2.330293946444577)
(0.4051133439050145, -0.5933678634345663, 2.315050044005553)
(0.39851295608663184, -0.5859777363781159, 2.2998061415665285)
(0.3920259851539836, -0.5784878561799744, 2.2845622391275042)
(0.3852891402528165, -0.5702126259144676, 2.2540744342494556)
(0.37915135715739634, -0.5624340196166077, 2.2388305318104313)
(0.373132858909809, -0.5545627569410694, 2.223586629371407)
(0.36691280859907033, -0.5458923769435479, 2.1930988244933585)
(0.36039084897069673, -0.5365021768131317, 2.177854922054334)
(0.3548631934027225, -0.5282787881451082, 2.16261101961531)
(0.3494615317507518, -0.5199720951412009, 2.1473671171762856)
(0.3439197525779263, -0.5108532575634622, 2.116879312298237)
(0.3386585190383823, -0.5015697271567732, 2.0863915074201884)
(0.3339050592821516, -0.4928758374858935, 2.071147604981164)
(0.32907373015405955, -0.48336149178975696, 2.0406598001031155)
(0.32472268804616067, -0.4744593836215294, 2.0254158976640912)
(0.3200369503915003, -0.46487249790189966, 2.0254158976640912)
(0.3156456281028559, -0.45514723164709736, 1.9949280927860424)
(0.31170610177931635, -0.4460555195085795, 1.979684190347018)
(0.3080696159422029, -0.4376631698422554, 1.979684190347018)
(0.3042691351418617, -0.42851246260457304, 1.9644402879079936)
(0.30047861048810315, -0.4185376724805258, 1.9339524830299448)
(0.297100434751019, -0.4092227905192281, 1.9187085805909203)
(0.29386464116328737, -0.3998574962301452, 1.903464678151896)
(0.2902961878590351, -0.3889957304023079, 1.8882207757128717)
(0.2873473810337341, -0.37953615136460267, 1.8729768732738474)
(0.2845431121338055, -0.37003272181520175, 1.8577329708348231)
(0.28188403279299523, -0.36048765008562267, 1.8424890683957988)
(0.2793350846517112, -0.3501258269573027, 1.81200126351775)
(0.277150271959182, -0.3412442642758856, 1.81200126351775)
(0.27491836866180597, -0.3308095566690236, 1.7815134586397012)
(0.272993825933068, -0.321089719605122, 1.766269556200677)
(0.2712412867955412, -0.31056388843884447, 1.7357817513226281)
(0.26948874765801445, -0.30003805727256694, 1.7357817513226281)
(0.26801056688361, -0.29024040046791644, 1.7205378488836036)
(0.266922415133395, -0.281159019078839, 1.6900500440055548)
(0.2658936872256677, -0.271304029674715, 1.6748061415665303)
(0.26501530152057096, -0.2614345040621734, 1.659562239127506)
(0.2643937834252001, -0.2507818879315382, 1.6290744342494572)
(0.26366594403503113, -0.24090011951259355, 1.6443183366884817)
(0.26320687930329717, -0.23023926707286715, 1.613830531810433)
(0.2630921286540829, -0.22109364547267601, 1.583342726932384)
(0.26322886982952204, -0.21347292095045617, 1.5528549220543353)
(0.26355762731055726, -0.2035698398247561, 1.5376110196153108)
(0.26403730235050316, -0.19367292065162012, 1.5223671171762865)
(0.2646677834862817, -0.18378446319856098, 1.5071232147372622)
(0.26524976607315426, -0.17465665631881408, 1.5071232147372622)
(0.2662530478575115, -0.16403319450871098, 1.4766354098592134)
(0.2673349282494411, -0.15418389848914227, 1.4613915074201889)
(0.2683335870727607, -0.145092240624925, 1.4613915074201889)
(0.26986460448234134, -0.13530270115899024, 1.4156598001031158)
(0.2712778513219542, -0.12626620319043505, 1.4156598001031158)
(0.2729579158536849, -0.11650113890837556, 1.4004158976640912)
(0.2747827955757017, -0.10753869637491685, 1.3699280927860424)
(0.27660767529771846, -0.09857625384145814, 1.3699280927860424)
(0.27873240071961436, -0.0888982044953821, 1.354684190347018)
(0.2809650974556676, -0.08002855808471866, 1.3241963854689691)
(0.28353004091463047, -0.0704577607137648, 1.3089524830299446)
(0.2862405770139655, -0.06092717356932636, 1.2937085805909203)
(0.2890096214473738, -0.052210066532517176, 1.2632207757128715)
(0.2921530217636355, -0.042813357974981744, 1.247976873273847)
(0.29505462205556937, -0.03413947315264135, 1.247976873273847)
(0.298219280666427, -0.02555806895273896, 1.2174890683957982)
(0.30178897227226664, -0.016314887730739067, 1.2022451659567737)
(0.30534262768160825, -0.007887130294918134, 1.1717573610787249)
(0.30933114626410935, 0.001183195872347123, 1.1565134586397003)
(0.3128226452510752, 0.008805750870449176, 1.141269556200676)
(0.31708580179698126, 0.017750279562819292, 1.1260256537616518)
(0.3212708776606157, 0.02588297297773433, 1.095537848883603)
(0.3259384830271511, 0.03462325657758526, 1.0802939464445784)
(0.33024704182702996, 0.042691210669755356, 1.0802939464445784)
(0.33504733575341467, 0.051359329005579324, 1.0650500440055541)
(0.3397202226237963, 0.05922187887581816, 1.0345622391275053)
(0.3449117674751998, 0.06766148546140019, 1.0193183366884808)
(0.3502313566984462, 0.0760209751443566, 1.0040744342494565)
(0.35483984686636266, 0.08302495460229989, 0.9888305318104321)
(0.36041178699485515, 0.09121840201276327, 0.9735866293714077)
(0.3657832752549266, 0.09862128496721367, 0.9430988244933589)
(0.37172395959670096, 0.10655144050256922, 0.9278549220543345)
(0.37778483554943726, 0.1143901189593677, 0.9126110196153101)
(0.3835974568768522, 0.12145191727633048, 0.8821232147372613)
(0.39001034731909207, 0.12900532269636203, 0.8668793122982369)
(0.3955334340089849, 0.13531320849835646, 0.8516354098592125)
(0.40217359534798863, 0.14266761905635048, 0.8363915074201881)
(0.4078863991650418, 0.14880421277134717, 0.8211476049811637)
(0.41431972054905886, 0.15530559248148001, 0.7906598001031149)
(0.4203070906572574, 0.16117460509541473, 0.7754158976640905)
(0.426383228307436, 0.16695166846110115, 0.7601719952250661)
(0.4332007737560561, 0.1730489331118587, 0.7296841903470173)
(0.4402010143928603, 0.17893554446239077, 0.6991963854689685)
(0.4466994099232376, 0.18423316330540382, 0.683952483029944)
(0.4532778036880212, 0.1894311095681629, 0.6687085805909196)
(0.45993466705228925, 0.1945281753931783, 0.6534646781518952)
(0.46719669981330897, 0.20008861083864965, 0.6534646781518952)
(0.47393048590799713, 0.205083611810227, 0.6382207757128708)
(0.4808855820547073, 0.209765550240524, 0.5924890683957976)
(0.4870757130377531, 0.21421261880367432, 0.6229768732738464)
(0.494663090652346, 0.21932018800036196, 0.5924890683957976)
(0.5029661390189759, 0.2247274502544918, 0.5772451659567732)
(0.5100607229264749, 0.22919520014168687, 0.5620012635177488)
(0.5185247427430094, 0.23434684704426517, 0.5467573610787244)
(0.5264790115274974, 0.23886184098329732, 0.5162695562006756)
(0.5351696936045479, 0.24362116260503783, 0.5010256537616512)
(0.5433220525210145, 0.2477678005519154, 0.4705378488836024)
(0.5522212244286784, 0.25212484503428867, 0.455293946444578)
(0.5611857781655771, 0.2563457304345085, 0.4400500440055536)
(0.5702136306198766, 0.2604294759367322, 0.4248061415665292)
(0.5786580695789473, 0.2639433075820886, 0.3943183366884804)
(0.5878631748665892, 0.2676100682651657, 0.37907443424945597)
(0.5971231042269194, 0.2711360866294441, 0.36383053181043157)
(0.6072064534786888, 0.2746275881741068, 0.33334272693238276)
(0.6159365349711794, 0.2773554516787295, 0.30285492205433395)
(0.6254380712292745, 0.28016612882127667, 0.28761101961530955)
(0.634283731690768, 0.2824920379264114, 0.25712321473726074)
(0.6439038262415262, 0.2848654064393073, 0.24187931229823634)
(0.6543370263346713, 0.28710434614058117, 0.21139150742018756)
(0.6640555633238558, 0.28903544325191083, 0.19614760498116315)
(0.6730766892409671, 0.29054370362499016, 0.16565980010311437)
(0.682873346968782, 0.2920284913632135, 0.15041589766408997)
(0.6926914995446539, 0.29336377307896966, 0.13517199522506557)
(0.7025288655042268, 0.2945492384900934, 0.11992809278604116)
(0.7131569450496646, 0.2955023598597983, 0.08944028790799237)
(0.7222873975397212, 0.2960412471320535, 0.058952483029943575)
(0.7321864707994213, 0.2964741973169748, 0.04370858059091917)
(0.7428562699575374, 0.29661526855787085, 0.013220775712870381)
(0.7527647862648832, 0.29659522234636293, -0.0020231267261540224)
(0.7619062944924141, 0.2962979186441297, -0.03251093160420281)
(0.7718035348961843, 0.29582491795331367, -0.047754834043227216)
(0.7824416206307613, 0.29499086335478314, -0.078242638921276)
(0.7923068897579262, 0.29406589724073334, -0.09348654136030041)
(0.8028957237961292, 0.29274638639161693, -0.1239743462383492)
(0.8127083931263847, 0.2913713889812201, -0.1392182486773736)
(0.8224989628469326, 0.28984697374558904, -0.154462151116398)
(0.8322096065924381, 0.28787656888581836, -0.20019385843347118)
(0.8418890866006312, 0.285758370586668, -0.21543776087249558)
(0.852238761682083, 0.2831605367047737, -0.24592556575054436)
(0.8618112866118116, 0.2806020481405511, -0.26116946818956877)
(0.8720313790083367, 0.2775337869756515, -0.2916572730676176)
(0.8814769324746112, 0.27454035800885057, -0.306901175506642)
(0.8915460717217252, 0.2710080853704813, -0.3373889803846908)
(0.9015028571109267, 0.2671705158423913, -0.3678767852627396)
(0.9106930504423228, 0.2634665390882668, -0.383120687701764)
(0.9198257151281134, 0.2596229036996733, -0.3983645901407884)
(0.9295301432960806, 0.25518572113611937, -0.4288523950188372)
(0.9384775449229743, 0.25092859753084384, -0.4440962974578616)
(0.9479689777810397, 0.24605240870447764, -0.4745841023359104)
(0.9573073585438895, 0.2408891578004852, -0.5050719072139592)
(0.9666457393067392, 0.23572590689649275, -0.5050719072139592)
(0.9758223885634527, 0.23028039281710572, -0.535559712092008)
(0.9848287772219102, 0.22455767680961847, -0.5660475169700568)
(0.9943838941104644, 0.21827981434461738, -0.5812914194090812)
(1.003119248118563, 0.2121513475279708, -0.61177922428713)
(1.011663728101575, 0.20575944820230485, -0.6422670291651789)
(1.0207130711562866, 0.1987722308619365, -0.6575109316042033)
(1.0289564071904682, 0.19199639687658043, -0.6879987364822521)
(1.0381369293753682, 0.18396900553083964, -0.7184865413603009)
(1.045952041059479, 0.17670343297704752, -0.7489743462383497)
(1.0546263300011556, 0.16813151891066636, -0.7794621511163985)
(1.0630352894928594, 0.1592991692984737, -0.8099499559944473)
(1.0711711039596319, 0.15021459322870737, -0.8404377608724961)
(1.0780443232297028, 0.14205227909391271, -0.8709255657505449)
(1.0856114234312093, 0.13248880723765286, -0.9014133706285937)
(1.0928834829748981, 0.12269911115461934, -0.9319011755066425)
(1.0998537429595607, 0.11269228972364909, -0.9623889803846913)
(1.1059526519845746, 0.10302196787853929, -1.0081206877017646)
(1.112140698431302, 0.09251344369203908, -1.0386084925798134)
(1.1158062225257595, 0.08583077405292211, -1.0690962974578622)
(1.119266334821832, 0.07903947349329499, -1.099584102335911)
(1.1222869043509138, 0.07288054392412413, -1.1148280047749353)
(1.1239126466263192, 0.06943373421772665, -1.1300719072139596)
(1.1245629435364812, 0.06805501033516766, -1.1300719072139596)
(1.1248775460546618, 0.06736077214874987, -1.1453158096529839)
(1.1251815295311063, 0.06666181903875248, -1.1605597120920081)
(1.1251815295311063, 0.06666181903875248, -1.1605597120920081)
(1.1251815295311063, 0.06666181903875248, -1.1605597120920081)
(1.1251815295311063, 0.06666181903875248, -1.1605597120920081)
(1.1251815295311063, 0.06666181903875248, -1.1605597120920081)
(1.1251815295311063, 0.06666181903875248, -1.1605597120920081)
(1.1251815295311063, 0.06666181903875248, -1.1605597120920081)
(1.1251815295311063, 0.06666181903875248, -1.1605597120920081)
(1.1251815295311063, 0.06666181903875248, -1.1605597120920081)
(1.1251815295311063, 0.06666181903875248, -1.1605597120920081)
(1.1251815295311063, 0.06666181903875248, -1.1605597120920081)
(1.1251815295311063, 0.06666181903875248, -1.1605597120920081)
(1.1251815295311063, 0.06666181903875248, -1.1605597120920081)
(1.1251815295311063, 0.06666181903875248, -1.1605597120920081)
(1.1251815295311063, 0.06666181903875248, -1.1605597120920081)
(1.1251815295311063, 0.06666181903875248, -1.1605597120920081)
(1.1251815295311063, 0.06666181903875248, -1.1605597120920081)
(1.1251815295311063, 0.06666181903875248, -1.1605597120920081)
(1.1251815295311063, 0.06666181903875248, -1.1605597120920081)
(1.1251815295311063, 0.06666181903875248, -1.1605597120920081)
(1.1251815295311063, 0.06666181903875248, -1.1605597120920081)
(1.1251815295311063, 0.06666181903875248, -1.1605597120920081)
(1.1251815295311063, 0.06666181903875248, -1.1605597120920081)
(1.1251815295311063, 0.06666181903875248, -1.1605597120920081)
(1.1251815295311063, 0.06666181903875248, -1.1605597120920081)
(1.1251815295311063, 0.06666181903875248, -1.1605597120920081)
(1.1251815295311063, 0.06666181903875248, -1.1605597120920081)
(1.1251815295311063, 0.06666181903875248, -1.1605597120920081)
(1.1251815295311063, 0.06666181903875248, -1.1605597120920081)
(1.1251815295311063, 0.06666181903875248, -1.1605597120920081)
(1.1251815295311063, 0.06666181903875248, -1.1605597120920081)
(1.1251815295311063, 0.06666181903875248, -1.1605597120920081)
(1.1251815295311063, 0.06666181903875248, -1.1605597120920081)
(1.1251815295311063, 0.06666181903875248, -1.1605597120920081)
(1.1251815295311063, 0.06666181903875248, -1.1605597120920081)
(1.1251815295311063, 0.06666181903875248, -1.1605597120920081)
(1.1251815295311063, 0.06666181903875248, -1.1605597120920081)
(1.1251815295311063, 0.06666181903875248, -1.1605597120920081)
(1.1251815295311063, 0.06666181903875248, -1.1605597120920081)
(1.1251815295311063, 0.06666181903875248, -1.1605597120920081)
(1.1251815295311063, 0.06666181903875248, -1.1605597120920081)
(1.1251815295311063, 0.06666181903875248, -1.1605597120920081)
(1.1251815295311063, 0.06666181903875248, -1.1605597120920081)
(1.1251815295311063, 0.06666181903875248, -1.1605597120920081)
(1.1251815295311063, 0.06666181903875248, -1.1605597120920081)
(1.1251815295311063, 0.06666181903875248, -1.1605597120920081)
(1.1251815295311063, 0.06666181903875248, -1.1605597120920081)
(1.1251815295311063, 0.06666181903875248, -1.1605597120920081)
(1.1251815295311063, 0.06666181903875248, -1.1605597120920081)
(1.1251815295311063, 0.06666181903875248, -1.1605597120920081)
(1.1251815295311063, 0.06666181903875248, -1.1605597120920081)
(1.1251815295311063, 0.06666181903875248, -1.1605597120920081)
(1.1251815295311063, 0.06666181903875248, -1.1605597120920081)
(1.1251815295311063, 0.06666181903875248, -1.1605597120920081)
(1.1251815295311063, 0.06666181903875248, -1.1605597120920081)
(1.1251815295311063, 0.06666181903875248, -1.1605597120920081)
(1.1251815295311063, 0.06666181903875248, -1.1605597120920081)
(1.1251815295311063, 0.06666181903875248, -1.1605597120920081)
(1.1251815295311063, 0.06666181903875248, -1.1605597120920081)
(1.1251815295311063, 0.06666181903875248, -1.1605597120920081)
(1.1251815295311063, 0.06666181903875248, -1.1605597120920081)
(1.1251815295311063, 0.06666181903875248, -1.1605597120920081)
(1.1251815295311063, 0.06666181903875248, -1.1605597120920081)
(1.1251815295311063, 0.06666181903875248, -1.1605597120920081)
(1.1251815295311063, 0.06666181903875248, -1.1605597120920081)
(1.1251815295311063, 0.06666181903875248, -1.1605597120920081)
(1.1251815295311063, 0.06666181903875248, -1.1605597120920081)
(1.1251815295311063, 0.06666181903875248, -1.1605597120920081)
(1.1251815295311063, 0.06666181903875248, -1.1605597120920081)
(1.1251815295311063, 0.06666181903875248, -1.1605597120920081)
(1.1251815295311063, 0.06666181903875248, -1.1605597120920081)
(1.1251815295311063, 0.06666181903875248, -1.1605597120920081)
(1.1251815295311063, 0.06666181903875248, -1.1605597120920081)
(1.1251815295311063, 0.06666181903875248, -1.1605597120920081)
(1.1251815295311063, 0.06666181903875248, -1.1605597120920081)
(1.1251815295311063, 0.06666181903875248, -1.1605597120920081)
(1.1251815295311063, 0.06666181903875248, -1.1605597120920081)
(1.1251815295311063, 0.06666181903875248, -1.1605597120920081)
(1.1251815295311063, 0.06666181903875248, -1.1605597120920081)
(1.1251815295311063, 0.06666181903875248, -1.1605597120920081)
(1.1251815295311063, 0.06666181903875248, -1.1605597120920081)
(1.1251815295311063, 0.06666181903875248, -1.1605597120920081)
(1.1251815295311063, 0.06666181903875248, -1.1605597120920081)
(1.1251815295311063, 0.06666181903875248, -1.1605597120920081)
(1.1251815295311063, 0.06666181903875248, -1.1605597120920081)
(1.1251815295311063, 0.06666181903875248, -1.1605597120920081)
(1.1251815295311063, 0.06666181903875248, -1.1605597120920081)
(1.1251815295311063, 0.06666181903875248, -1.1605597120920081)
(1.1251815295311063, 0.06666181903875248, -1.1605597120920081)
(1.1251815295311063, 0.06666181903875248, -1.1605597120920081)
(1.1251815295311063, 0.06666181903875248, -1.1605597120920081)
(1.1251815295311063, 0.06666181903875248, -1.1605597120920081)
(1.1251815295311063, 0.06666181903875248, -1.1605597120920081)
(1.1251815295311063, 0.06666181903875248, -1.1605597120920081)
(1.1251815295311063, 0.06666181903875248, -1.1605597120920081)
(1.1251815295311063, 0.06666181903875248, -1.1605597120920081)
(1.1251815295311063, 0.06666181903875248, -1.1605597120920081)
(1.1251815295311063, 0.06666181903875248, -1.1605597120920081)
(1.1251815295311063, 0.06666181903875248, -1.1605597120920081)
(1.1251815295311063, 0.06666181903875248, -1.1605597120920081)
(1.1251815295311063, 0.06666181903875248, -1.1605597120920081)
(1.1251815295311063, 0.06666181903875248, -1.1605597120920081)
(1.1251815295311063, 0.06666181903875248, -1.1605597120920081)
(1.1251815295311063, 0.06666181903875248, -1.1605597120920081)
(1.1251815295311063, 0.06666181903875248, -1.1605597120920081)
(1.1251815295311063, 0.06666181903875248, -1.1605597120920081)
(1.1251815295311063, 0.06666181903875248, -1.1605597120920081)
(1.1251815295311063, 0.06666181903875248, -1.1605597120920081)
(1.1251815295311063, 0.06666181903875248, -1.1605597120920081)
(1.1251815295311063, 0.06666181903875248, -1.1605597120920081)
(1.1251815295311063, 0.06666181903875248, -1.1605597120920081)
(1.1251815295311063, 0.06666181903875248, -1.1605597120920081)
(1.1251815295311063, 0.06666181903875248, -1.1605597120920081)
(1.1251815295311063, 0.06666181903875248, -1.1605597120920081)
(1.1251815295311063, 0.06666181903875248, -1.1605597120920081)
(1.1251815295311063, 0.06666181903875248, -1.1605597120920081)
(1.1251815295311063, 0.06666181903875248, -1.1605597120920081)
(1.1251815295311063, 0.06666181903875248, -1.1605597120920081)
(1.1251815295311063, 0.06666181903875248, -1.1605597120920081)
(1.1251815295311063, 0.06666181903875248, -1.1605597120920081)
(1.1251815295311063, 0.06666181903875248, -1.1605597120920081)
(1.1251815295311063, 0.06666181903875248, -1.1605597120920081)
(1.1251815295311063, 0.06666181903875248, -1.1605597120920081)
(1.1251815295311063, 0.06666181903875248, -1.1605597120920081)
(1.1251815295311063, 0.06666181903875248, -1.1605597120920081)
(1.1251815295311063, 0.06666181903875248, -1.1605597120920081)
(1.1251815295311063, 0.06666181903875248, -1.1605597120920081)
(1.1251815295311063, 0.06666181903875248, -1.1605597120920081)
(1.1251815295311063, 0.06666181903875248, -1.1605597120920081)
(1.1251815295311063, 0.06666181903875248, -1.1605597120920081)
(1.1251815295311063, 0.06666181903875248, -1.1605597120920081)
(1.1251815295311063, 0.06666181903875248, -1.1605597120920081)
(1.1251815295311063, 0.06666181903875248, -1.1605597120920081)
(1.1251815295311063, 0.06666181903875248, -1.1605597120920081)
(1.1251815295311063, 0.06666181903875248, -1.1605597120920081)
(1.1251815295311063, 0.06666181903875248, -1.1605597120920081)
(1.1251815295311063, 0.06666181903875248, -1.1605597120920081)
(1.1251815295311063, 0.06666181903875248, -1.1605597120920081)
(1.1251815295311063, 0.06666181903875248, -1.1605597120920081)
(1.1251815295311063, 0.06666181903875248, -1.1605597120920081)
(1.1251815295311063, 0.06666181903875248, -1.1605597120920081)
(1.1251815295311063, 0.06666181903875248, -1.1605597120920081)
(1.1251815295311063, 0.06666181903875248, -1.1605597120920081)
(1.1251815295311063, 0.06666181903875248, -1.1605597120920081)
(1.1251815295311063, 0.06666181903875248, -1.1605597120920081)
(1.1251815295311063, 0.06666181903875248, -1.1605597120920081)
(1.1251815295311063, 0.06666181903875248, -1.1605597120920081)
(1.1251815295311063, 0.06666181903875248, -1.1605597120920081)
(1.1251815295311063, 0.06666181903875248, -1.1605597120920081)
(1.1251815295311063, 0.06666181903875248, -1.1605597120920081)
(1.1251815295311063, 0.06666181903875248, -1.1605597120920081)
(1.1251815295311063, 0.06666181903875248, -1.1605597120920081)
(1.1251815295311063, 0.06666181903875248, -1.1605597120920081)
(1.1251815295311063, 0.06666181903875248, -1.1605597120920081)
(1.1251815295311063, 0.06666181903875248, -1.1605597120920081)
(1.1251815295311063, 0.06666181903875248, -1.1605597120920081)
(1.1251815295311063, 0.06666181903875248, -1.1605597120920081)
(1.1251815295311063, 0.06666181903875248, -1.1605597120920081)
(1.1251815295311063, 0.06666181903875248, -1.1605597120920081)
(1.1251815295311063, 0.06666181903875248, -1.1605597120920081)
(1.1251815295311063, 0.06666181903875248, -1.1605597120920081)
(1.1251815295311063, 0.06666181903875248, -1.1605597120920081)
(1.1251815295311063, 0.06666181903875248, -1.1605597120920081)
(1.1251815295311063, 0.06666181903875248, -1.1605597120920081)
(1.1251815295311063, 0.06666181903875248, -1.1605597120920081)
(1.1251815295311063, 0.06666181903875248, -1.1605597120920081)
(1.1251815295311063, 0.06666181903875248, -1.1605597120920081)
(1.1251815295311063, 0.06666181903875248, -1.1605597120920081)
(1.1251815295311063, 0.06666181903875248, -1.1605597120920081)
(1.1251815295311063, 0.06666181903875248, -1.1605597120920081)
(1.1251815295311063, 0.06666181903875248, -1.1605597120920081)
(1.1251815295311063, 0.06666181903875248, -1.1605597120920081)
(1.1251815295311063, 0.06666181903875248, -1.1605597120920081)
(1.1251815295311063, 0.06666181903875248, -1.1605597120920081)
(1.1251815295311063, 0.06666181903875248, -1.1605597120920081)
(1.1251815295311063, 0.06666181903875248, -1.1605597120920081)
(1.1251815295311063, 0.06666181903875248, -1.1605597120920081)
(1.1251815295311063, 0.06666181903875248, -1.1605597120920081)
(1.1251815295311063, 0.06666181903875248, -1.1605597120920081)
(1.1251815295311063, 0.06666181903875248, -1.1605597120920081)
(1.1251815295311063, 0.06666181903875248, -1.1605597120920081)
(1.1251815295311063, 0.06666181903875248, -1.1605597120920081)
(1.1251815295311063, 0.06666181903875248, -1.1605597120920081)
(1.1251815295311063, 0.06666181903875248, -1.1605597120920081)
(1.1251815295311063, 0.06666181903875248, -1.1605597120920081)
(1.1251815295311063, 0.06666181903875248, -1.1605597120920081)
(1.1251815295311063, 0.06666181903875248, -1.1605597120920081)
(1.1251815295311063, 0.06666181903875248, -1.1605597120920081)
(1.1251815295311063, 0.06666181903875248, -1.1605597120920081)
(1.1251815295311063, 0.06666181903875248, -1.1605597120920081)
(1.1251815295311063, 0.06666181903875248, -1.1605597120920081)
(1.1251815295311063, 0.06666181903875248, -1.1605597120920081)
(1.1251815295311063, 0.06666181903875248, -1.1605597120920081)
(1.1251815295311063, 0.06666181903875248, -1.1605597120920081)
(1.1251815295311063, 0.06666181903875248, -1.1605597120920081)
(1.1251815295311063, 0.06666181903875248, -1.1605597120920081)
(1.1251815295311063, 0.06666181903875248, -1.1605597120920081)
(1.1251815295311063, 0.06666181903875248, -1.1605597120920081)
(1.1251815295311063, 0.06666181903875248, -1.1605597120920081)
(1.1251815295311063, 0.06666181903875248, -1.1605597120920081)
(1.1251815295311063, 0.06666181903875248, -1.1605597120920081)
(1.1251815295311063, 0.06666181903875248, -1.1605597120920081)
(1.1251815295311063, 0.06666181903875248, -1.1605597120920081)
(1.1251815295311063, 0.06666181903875248, -1.1605597120920081)
(1.1251815295311063, 0.06666181903875248, -1.1605597120920081)
(1.1251815295311063, 0.06666181903875248, -1.1605597120920081)
(1.1251815295311063, 0.06666181903875248, -1.1605597120920081)
(1.1251815295311063, 0.06666181903875248, -1.1605597120920081)
(1.1251815295311063, 0.06666181903875248, -1.1605597120920081)
(1.1251815295311063, 0.06666181903875248, -1.1605597120920081)
(1.1251815295311063, 0.06666181903875248, -1.1605597120920081)
(1.1251815295311063, 0.06666181903875248, -1.1605597120920081)
(1.1251815295311063, 0.06666181903875248, -1.1605597120920081)
(1.1251815295311063, 0.06666181903875248, -1.1605597120920081)
(1.1251815295311063, 0.06666181903875248, -1.1605597120920081)
(1.1251815295311063, 0.06666181903875248, -1.1605597120920081)
